2460118.4191722963 1.0003950896 0.0001213057 003
2460118.4193317592 1.0001048271 0.0001606315 003
2460118.4194912221 1.0006507718 0.0001253421 003
2460118.4196506850 1.0003338414 0.0000855652 003
2460118.4198101480 1.0003232795 0.0000795013 003
2460118.4199696109 1.0004640621 0.0000985717 003
2460118.4201290738 1.0002187845 0.0001824786 003
2460118.4202885367 1.0000056607 0.0001161225 003
2460118.4204479996 1.0007240405 0.0001693781 003
2460118.4206074625 1.0005202705 0.0000833713 003
2460118.4207669254 1.0003174747 0.0001264525 003
2460118.4209263884 1.0003557835 0.0001088381 003
2460118.4210858513 1.0001379230 0.0001470875 003
2460118.4212453142 1.0002868480 0.0001057170 003
2460118.4214047771 1.0007495744 0.0001327886 003
2460118.4215642400 1.0002927924 0.0001510429 003
2460118.4217237025 1.0006408233 0.0001245334 003
2460118.4218831654 1.0005194639 0.0001053608 003
2460118.4220426283 1.0004921940 0.0001437729 003
2460118.4222020912 1.0008718171 0.0002114283 003
2460118.4223615541 1.0003607874 0.0001047596 003
2460118.4225210170 1.0004163535 0.0000921748 003
2460118.4226804799 1.0000784702 0.0001271146 003
2460118.4228399429 1.0003426875 0.0001612648 003
2460118.4229994058 1.0003179841 0.0001392873 003
2460118.4231588687 1.0002303163 0.0000945106 003
2460118.4233183316 1.0003767480 0.0001292428 003
2460118.4234777945 1.0004651450 0.0001410482 003
2460118.4236372574 1.0001896042 0.0001803568 003
2460118.4237967203 1.0002425141 0.0001140174 003
2460118.4239561833 1.0004677778 0.0000833457 003
2460118.4241156457 1.0004203350 0.0000886213 003
2460118.4242751086 1.0003725996 0.0000902134 003
2460118.4244345715 1.0002764264 0.0001276871 003
2460118.4245940344 1.0003430169 0.0001043277 003
2460118.4247534974 1.0006030334 0.0001121494 003
2460118.4249129603 1.0002901477 0.0001191539 003
2460118.4250724232 1.0004166981 0.0000973157 003
2460118.4252318861 1.0003902337 0.0001467175 003
2460118.4253913490 1.0003936738 0.0001311480 003
2460118.4255508119 1.0005886218 0.0001705792 003
2460118.4257102748 1.0001805657 0.0001538386 003
2460118.4258697378 1.0005255808 0.0001051008 003
2460118.4260292007 1.0005637746 0.0000826552 003
2460118.4261886636 1.0002450584 0.0001106820 003
2460118.4263481265 1.0000985652 0.0001007617 003
2460118.4265075894 0.9998722690 0.0001857490 003
2460118.4266670519 0.9999895682 0.0001967588 003
2460118.4268265148 1.0001805613 0.0001328086 003
2460118.4269859777 1.0000942969 0.0001086159 003
2460118.4271454406 0.9998461865 0.0001521711 003
2460118.4273049035 1.0002892958 0.0001075846 003
2460118.4274643664 1.0002978217 0.0001364558 003
2460118.4276238293 1.0002612464 0.0001914563 003
2460118.4277832923 1.0002823034 0.0001924984 003
2460118.4279427552 1.0003948559 0.0001047489 003
2460118.4281022181 1.0004259058 0.0001367314 003
2460118.4282616810 1.0002644829 0.0000708649 003
2460118.4284211439 1.0005900013 0.0001294032 003
2460118.4285806068 1.0004375376 0.0001332108 003
2460118.4287400697 1.0003830000 0.0001156569 003
2460118.4288995326 1.0004791588 0.0001171359 003
2460118.4290589951 1.0005654368 0.0001503294 003
2460118.4292184580 1.0004329605 0.0000729981 003
2460118.4293779209 1.0002862449 0.0000812317 003
2460118.4295373838 1.0001698441 0.0001717232 003
2460118.4296968468 1.0002082676 0.0001203517 003
2460118.4298563097 1.0001283406 0.0001394707 003
2460118.4300157726 1.0004406435 0.0001081842 003
2460118.4301752355 1.0003648218 0.0000829425 003
2460118.4303346984 1.0000961944 0.0001237826 003
2460118.4304941613 1.0005294642 0.0001197156 003
2460118.4306536242 1.0004157766 0.0001578597 003
2460118.4308130872 1.0002487795 0.0001540308 003
2460118.4309725501 1.0006370865 0.0000973233 003
2460118.4311320130 1.0005937683 0.0001828502 003
2460118.4312914759 1.0006503272 0.0001554179 003
2460118.4314509388 1.0000732775 0.0000931439 003
2460118.4316104013 1.0003509839 0.0001700886 003
2460118.4317698642 1.0000643482 0.0001037661 003
2460118.4319293271 1.0004055703 0.0001048209 003
2460118.4320887900 1.0001812099 0.0001555392 003
2460118.4322482529 1.0005977635 0.0001330110 003
2460118.4324077158 0.9999195064 0.0001432310 003
2460118.4325671787 1.0004095644 0.0001974791 003
2460118.4327266417 1.0007278711 0.0001558817 003
2460118.4328861046 1.0005178612 0.0001767583 003
2460118.4330455675 1.0001947679 0.0001534253 003
2460118.4332050304 1.0005136392 0.0000867925 003
2460118.4333644933 1.0002843637 0.0001230964 003
2460118.4335239562 1.0003921753 0.0002081864 003
2460118.4336834191 1.0002869187 0.0000668781 003
2460118.4338428820 0.9999660944 0.0001031625 003
2460118.4340023445 1.0002763036 0.0001253447 003
2460118.4341618074 1.0000560177 0.0001317915 003
2460118.4343212703 1.0003132319 0.0001081197 003
2460118.4344807332 1.0003449597 0.0001042256 003
2460118.4346401962 1.0002931397 0.0001111960 003
2460118.4347996591 1.0006470243 0.0000960293 003
2460118.4349591220 1.0003190922 0.0001347424 003
2460118.4351185849 1.0002431433 0.0000798546 003
2460118.4352780478 1.0001749158 0.0001814643 003
2460118.4354375107 0.9996709026 0.0001744614 003
2460118.4355969736 1.0003726975 0.0001503853 003
2460118.4357564365 1.0005509528 0.0001290248 003
2460118.4359158995 1.0006682671 0.0001290156 003
2460118.4360753624 1.0002452399 0.0001636246 003
2460118.4362348253 1.0008155299 0.0001355791 003
2460118.4363942882 1.0002793181 0.0001245505 003
2460118.4365537507 1.0006157674 0.0001628827 003
2460118.4367132136 1.0003097854 0.0001141825 003
2460118.4368726765 1.0007059476 0.0001314947 003
2460118.4370321394 1.0003569889 0.0001113602 003
2460118.4371916023 1.0001830437 0.0001494023 003
2460118.4373510652 1.0004857792 0.0001119568 003
2460118.4375105281 1.0000255410 0.0001432319 003
2460118.4376699910 1.0003249411 0.0000561459 003
2460118.4378294540 1.0003031053 0.0001630964 003
2460118.4379889169 1.0002827821 0.0000993617 003
2460118.4381483798 1.0002291519 0.0000690726 003
2460118.4383078427 1.0001314390 0.0001121605 003
2460118.4384673056 1.0004187281 0.0001273459 003
2460118.4386267685 1.0004129410 0.0001248638 003
2460118.4387862310 0.9999363015 0.0001144954 003
2460118.4389456939 1.0001423193 0.0001271216 003
2460118.4391051568 1.0001601596 0.0001113796 003
2460118.4392646197 1.0004399125 0.0001080775 003
2460118.4394240826 1.0002662041 0.0001540876 003
2460118.4395835456 1.0004194983 0.0001723918 003
2460118.4397430085 1.0001341182 0.0001378005 003
2460118.4399024714 1.0003606668 0.0001148267 003
2460118.4400619343 1.0002303973 0.0001754615 003
2460118.4402213972 1.0004376181 0.0001560174 003
2460118.4403808601 1.0004596618 0.0000883006 003
2460118.4405403230 1.0004356637 0.0000812654 003
2460118.4406997859 0.9997246973 0.0001978097 003
2460118.4408592489 0.9995534838 0.0000695226 003
2460118.4410187118 0.9993754584 0.0001226155 003
2460118.4411781747 0.9991218810 0.0001773812 003
2460118.4413376371 0.9984614657 0.0001162719 003
2460118.4414971001 0.9982554031 0.0001272655 003
2460118.4416565630 0.9979343905 0.0001759834 003
2460118.4418160259 0.9976063006 0.0001419104 003
2460118.4419754888 0.9971566954 0.0001668188 003
2460118.4421349517 0.9972327937 0.0001688911 003
2460118.4422944146 0.9965723833 0.0001676533 003
2460118.4424538775 0.9964784438 0.0001679839 003
2460118.4426133404 0.9961889622 0.0001234118 003
2460118.4427728034 0.9958325451 0.0001031305 003
2460118.4429322663 0.9953428006 0.0001823063 003
2460118.4430917292 0.9956788066 0.0001033646 003
2460118.4432511921 0.9954331647 0.0000704658 003
2460118.4434106550 0.9952760895 0.0001806820 003
2460118.4435701175 0.9951279715 0.0001761036 003
2460118.4437295804 0.9951720211 0.0001220178 003
2460118.4438890433 0.9951248615 0.0001327512 003
2460118.4440485062 0.9948476951 0.0000864613 003
2460118.4442079691 0.9946841549 0.0001072029 003
2460118.4443674320 0.9947348904 0.0002113593 003
2460118.4445268949 0.9949518845 0.0000838016 003
2460118.4446863579 0.9949584968 0.0000676244 003
2460118.4448458208 0.9950293421 0.0001063618 003
2460118.4450052837 0.9950248048 0.0001324861 003
2460118.4451647466 0.9945967959 0.0001079591 003
2460118.4453242095 0.9948391973 0.0000844040 003
2460118.4454836724 0.9946363189 0.0000968063 003
2460118.4456431353 0.9948749433 0.0001301621 003
2460118.4458025983 0.9942834003 0.0000896431 003
2460118.4459620612 0.9947227981 0.0001486085 003
2460118.4461215236 0.9943814895 0.0000975261 003
2460118.4462809865 0.9949661043 0.0001232952 003
2460118.4464404495 0.9945394239 0.0001408380 003
2460118.4465999124 0.9943925931 0.0001078346 003
2460118.4467593753 0.9943069939 0.0001552332 003
2460118.4469188382 0.9942626594 0.0000963511 003
2460118.4470783011 0.9944674129 0.0001423544 003
2460118.4472377640 0.9940399005 0.0001570986 003
2460118.4473972269 0.9942375788 0.0001220417 003
2460118.4475566898 0.9943280422 0.0001641175 003
2460118.4477161528 0.9942425408 0.0000826643 003
2460118.4478756157 0.9942633175 0.0000769526 003
2460118.4480350786 0.9941426579 0.0001490620 003
2460118.4481945415 0.9943866775 0.0000820143 003
2460118.4483540040 0.9945174490 0.0001536713 003
2460118.4485134669 0.9942007552 0.0000630701 003
2460118.4486729298 0.9942529451 0.0001443432 003
2460118.4488323927 0.9943513726 0.0001255230 003
2460118.4489918556 0.9944639277 0.0001516919 003
2460118.4491513185 0.9944307577 0.0001096420 003
2460118.4493107814 0.9940606869 0.0001091981 003
2460118.4494702443 0.9943329067 0.0001566436 003
2460118.4496297073 0.9939741018 0.0001620249 003
2460118.4497891702 0.9944442364 0.0001263262 003
2460118.4499486331 0.9942279999 0.0000846149 003
2460118.4501080960 0.9940783751 0.0001131078 003
2460118.4502675589 0.9939213649 0.0000644323 003
2460118.4504270218 0.9941726405 0.0000836346 003
2460118.4505864847 0.9938767741 0.0001908677 003
2460118.4507459472 0.9940884401 0.0001146380 003
2460118.4509054101 0.9940208515 0.0000976101 003
2460118.4510648730 0.9939880792 0.0001146284 003
2460118.4512243359 0.9940103523 0.0000858156 003
2460118.4513837988 0.9940069480 0.0000989751 003
2460118.4515432618 0.9941386037 0.0001825485 003
2460118.4517027247 0.9939920653 0.0001177507 003
2460118.4518621876 0.9939617582 0.0001117776 003
2460118.4520216505 0.9939403627 0.0000866980 003
2460118.4521811134 0.9940075101 0.0001195748 003
2460118.4523405763 0.9938604627 0.0001108050 003
2460118.4525000392 0.9941691002 0.0001389278 003
2460118.4526595022 0.9939998019 0.0000950431 003
2460118.4528189651 0.9939836639 0.0000918772 003
2460118.4529784280 0.9940122064 0.0001758205 003
2460118.4531378904 0.9939224716 0.0000836579 003
2460118.4532973533 0.9940131536 0.0001280740 003
2460118.4534568163 0.9939551514 0.0000997026 003
2460118.4536162792 0.9937679867 0.0001397854 003
2460118.4537757421 0.9936859085 0.0001474501 003
2460118.4539352050 0.9937147645 0.0000891213 003
2460118.4540946679 0.9939159225 0.0001324393 003
2460118.4542541308 0.9938627326 0.0001765640 003
2460118.4544135937 0.9937680215 0.0000753350 003
2460118.4545730567 0.9936691727 0.0000916947 003
2460118.4547325196 0.9939019585 0.0001054566 003
2460118.4548919825 0.9938027354 0.0000739998 003
2460118.4550514454 0.9940381020 0.0001045166 003
2460118.4552109083 0.9939039023 0.0001152411 003
2460118.4553703712 0.9940420960 0.0001377551 003
2460118.4555298337 0.9938679100 0.0001474511 003
2460118.4556892966 0.9939637273 0.0001171719 003
2460118.4558487595 0.9941142473 0.0001127340 003
2460118.4560082224 0.9938356733 0.0000896850 003
2460118.4561676853 0.9938860070 0.0001262978 003
2460118.4563271482 0.9939838006 0.0000719295 003
2460118.4564866112 0.9940732313 0.0001122304 003
2460118.4566460741 0.9937491130 0.0000994640 003
2460118.4568055370 0.9941896963 0.0001660272 003
2460118.4569649999 0.9938783895 0.0001357724 003
2460118.4571244628 0.9940104082 0.0001396448 003
2460118.4572839257 0.9939391514 0.0001025380 003
2460118.4574433886 0.9937550711 0.0001310460 003
2460118.4576028516 0.9938236500 0.0001176676 003
2460118.4577623140 0.9940969054 0.0001229826 003
2460118.4579217769 0.9937110660 0.0001035018 003
2460118.4580812398 0.9940616786 0.0001025635 003
2460118.4582407027 0.9937228199 0.0001277091 003
2460118.4584001657 0.9938576293 0.0001635079 003
2460118.4585596286 0.9937733973 0.0001320708 003
2460118.4587190915 0.9938321794 0.0001441787 003
2460118.4588785544 0.9939613094 0.0000623421 003
2460118.4590380173 0.9937660307 0.0001398448 003
2460118.4591974802 0.9936760396 0.0001471858 003
2460118.4593569431 0.9935758496 0.0001260504 003
2460118.4595164061 0.9938644779 0.0001158347 003
2460118.4596758690 0.9937015197 0.0001235004 003
2460118.4598353319 0.9938309548 0.0001107773 003
2460118.4599947943 0.9937891756 0.0000914750 003
2460118.4601542572 0.9936302008 0.0001218894 003
2460118.4603137202 0.9940031752 0.0001218935 003
2460118.4604731831 0.9938368471 0.0001549945 003
2460118.4606326460 0.9937083268 0.0000867294 003
2460118.4607921089 0.9937076612 0.0001098339 003
2460118.4609515718 0.9937152938 0.0001323221 003
2460118.4611110347 0.9936281709 0.0000974006 003
2460118.4612704976 0.9933759122 0.0001730844 003
2460118.4614299606 0.9936810053 0.0001161052 003
2460118.4615894235 0.9938889945 0.0001587155 003
2460118.4617488864 0.9938432510 0.0001253304 003
2460118.4619083493 0.9936858266 0.0001800134 003
2460118.4620678122 0.9936608834 0.0001026993 003
2460118.4622272751 0.9938634147 0.0002081469 003
2460118.4623867376 0.9935443544 0.0001054584 003
2460118.4625462005 0.9935533721 0.0000792611 003
2460118.4627056634 0.9938202237 0.0000950787 003
2460118.4628651263 0.9934585951 0.0000871486 003
2460118.4630245892 0.9939724765 0.0001267588 003
2460118.4631840521 0.9938180356 0.0000871491 003
2460118.4633435151 0.9936395607 0.0000873003 003
2460118.4635029780 0.9937164113 0.0000890670 003
2460118.4636624409 0.9938141503 0.0001333249 003
2460118.4638219038 0.9938331809 0.0001391292 003
2460118.4639813667 0.9940628709 0.0001005698 003
2460118.4641408296 0.9938372456 0.0000904884 003
2460118.4643002925 0.9937592560 0.0000664757 003
2460118.4644597555 0.9936505978 0.0001148048 003
2460118.4646192179 0.9939355775 0.0001532190 003
2460118.4647786808 0.9938208930 0.0001121209 003
2460118.4649381437 0.9939453957 0.0001608637 003
2460118.4650976066 0.9935558836 0.0000926721 003
2460118.4652570696 0.9937574235 0.0000920408 003
2460118.4654165325 0.9937489779 0.0000994487 003
2460118.4655759954 0.9937365541 0.0001464455 003
2460118.4657354583 0.9937786366 0.0001145718 003
2460118.4658949212 0.9939140102 0.0001731091 003
2460118.4660543841 0.9938162567 0.0002278295 003
2460118.4662138470 0.9937265850 0.0000581420 003
2460118.4663733100 0.9938287899 0.0000990726 003
2460118.4665327729 0.9940665949 0.0000597177 003
2460118.4666922358 0.9937928760 0.0001237175 003
2460118.4668516982 0.9938993282 0.0000896196 003
2460118.4670111611 0.9938446944 0.0001317346 003
2460118.4671706241 0.9937222042 0.0000940502 003
2460118.4673300870 0.9935445242 0.0001162547 003
2460118.4674895499 0.9938029043 0.0000583691 003
2460118.4676490128 0.9939333618 0.0001263304 003
2460118.4678084757 0.9940965872 0.0001290624 003
2460118.4679679386 0.9937437626 0.0001379328 003
2460118.4681274015 0.9937573490 0.0001774753 003
2460118.4682868645 0.9942756435 0.0001030458 003
2460118.4684463274 0.9938397020 0.0001207299 003
2460118.4686057903 0.9941278684 0.0001364444 003
2460118.4687652532 0.9940120589 0.0001651019 003
2460118.4689247161 0.9940069680 0.0000781004 003
2460118.4690841786 0.9939767088 0.0001132292 003
2460118.4692436415 0.9938086184 0.0000797437 003
2460118.4694031044 0.9940695328 0.0001707741 003
2460118.4695625673 0.9943341155 0.0001257925 003
2460118.4697220302 0.9940870358 0.0001656983 003
2460118.4698814931 0.9942371338 0.0001289147 003
2460118.4700409560 0.9939117980 0.0000957041 003
2460118.4702004190 0.9943897317 0.0001025486 003
2460118.4703598819 0.9942629425 0.0001093307 003
2460118.4705193448 0.9941723561 0.0001138103 003
2460118.4706788077 0.9943393710 0.0001460031 003
2460118.4708382706 0.9939889043 0.0001273792 003
2460118.4709977335 0.9940831404 0.0001039064 003
2460118.4711571964 0.9941797790 0.0000963538 003
2460118.4713166589 0.9943472209 0.0000784177 003
2460118.4714761218 0.9938776454 0.0001136713 003
2460118.4716355847 0.9944866082 0.0001016078 003
2460118.4717950476 0.9942227691 0.0001089095 003
2460118.4719545105 0.9945763950 0.0001230107 003
2460118.4721139735 0.9941317311 0.0001363932 003
2460118.4722734364 0.9942375569 0.0000923690 003
2460118.4724328993 0.9943648699 0.0001535101 003
2460118.4725923622 0.9941851502 0.0000923122 003
2460118.4727518251 0.9938896113 0.0001140329 003
2460118.4729112880 0.9941887774 0.0001487549 003
2460118.4730707509 0.9945926972 0.0001527951 003
2460118.4732302139 0.9945827028 0.0000763335 003
2460118.4733896768 0.9946852658 0.0001030143 003
2460118.4735491397 0.9942776506 0.0001233222 003
2460118.4737086021 0.9944367036 0.0001371984 003
2460118.4738680650 0.9943260632 0.0001293001 003
2460118.4740275280 0.9948119565 0.0002264534 003
2460118.4741869909 0.9942236489 0.0000860245 003
2460118.4743464538 0.9942980999 0.0001648672 003
2460118.4745059167 0.9947285608 0.0000725380 003
2460118.4746653796 0.9945380256 0.0001450665 003
2460118.4748248425 0.9947520492 0.0001416059 003
2460118.4749843054 0.9953725685 0.0001195576 003
2460118.4751437684 0.9949228686 0.0001491137 003
2460118.4753032313 0.9948672050 0.0001266973 003
2460118.4754626942 0.9948505327 0.0001479770 003
2460118.4756221571 0.9949087088 0.0000869293 003
2460118.4757816195 0.9950954438 0.0001072394 003
2460118.4759410825 0.9950710547 0.0000741942 003
2460118.4761005454 0.9952021124 0.0001221748 003
2460118.4762600083 0.9950091897 0.0000722456 003
2460118.4764194712 0.9955132624 0.0002009501 003
2460118.4765789341 0.9955824781 0.0000982771 003
2460118.4767383970 0.9958301711 0.0001654713 003
2460118.4768978599 0.9957622668 0.0001253883 003
2460118.4770573229 0.9957827332 0.0001266341 003
2460118.4772167858 0.9963476341 0.0001279438 003
2460118.4773762487 0.9961366969 0.0001000868 003
2460118.4775357116 0.9966106538 0.0001337889 003
2460118.4776951745 0.9973806065 0.0000710109 003
2460118.4778546374 0.9975482948 0.0001116694 003
2460118.4780140999 0.9980380175 0.0001202307 003
2460118.4781735628 0.9984798617 0.0001446713 003
2460118.4783330257 0.9985621085 0.0001467064 003
2460118.4784924886 0.9986080271 0.0001464814 003
2460118.4786519515 0.9992371844 0.0001006192 003
2460118.4788114144 0.9992525941 0.0001150629 003
2460118.4789708774 0.9996078322 0.0001343754 003
2460118.4791303403 0.9999137715 0.0000822103 003
2460118.4792898032 1.0002438823 0.0001775924 003
2460118.4794492661 1.0002058070 0.0000842863 003
2460118.4796087290 1.0000022580 0.0001285925 003
2460118.4797681919 1.0002643187 0.0007468045 003
2460118.4799276548 0.9998551033 0.0001345514 003
2460118.4800871178 0.9998782684 0.0002072058 003
2460118.4802465802 0.9999197075 0.0001430909 003
2460118.4804060431 0.9998294191 0.0000495782 003
2460118.4805655060 1.0005532763 0.0001090073 003
2460118.4807249689 1.0002818433 0.0001036329 003
2460118.4808844319 0.9998092784 0.0001752988 003
2460118.4810438948 1.0001460280 0.0000959264 003
2460118.4812033577 1.0003508765 0.0000865964 003
2460118.4813628206 1.0000487028 0.0001345283 003
2460118.4815222835 1.0001814146 0.0001880336 003
2460118.4816817464 0.9999302509 0.0000837323 003
2460118.4818412093 1.0001643049 0.0001222833 003
2460118.4820006723 1.0000790144 0.0001260558 003
2460118.4821601352 1.0000540582 0.0001520902 003
2460118.4823195981 1.0000758827 0.0001431502 003
2460118.4824790605 0.9998314898 0.0001943863 003
2460118.4826385234 0.9999411180 0.0001866285 003
2460118.4827979864 0.9998308896 0.0001558786 003
2460118.4829574493 0.9997610165 0.0001398215 003
2460118.4831169122 1.0002126212 0.0001571058 003
2460118.4832763751 1.0000202968 0.0001056707 003
2460118.4834358380 1.0000237087 0.0001173464 003
2460118.4835953009 0.9999416509 0.0001466348 003
2460118.4837547638 1.0003326575 0.0001688353 003
2460118.4839142268 0.9999148374 0.0001369089 003
2460118.4840736897 1.0004066196 0.0001301895 003
2460118.4842331526 1.0003378545 0.0001047348 003
2460118.4843926155 1.0003427931 0.0001086967 003
2460118.4845520784 1.0003714784 0.0001202263 003
2460118.4847115409 1.0000929667 0.0001117328 003
2460118.4848710038 0.9998511945 0.0001039498 003
2460118.4850304667 1.0002866237 0.0001289960 003
2460118.4851899296 0.9996241765 0.0002065508 003
2460118.4853493925 0.9996566527 0.0000953826 003
2460118.4855088554 0.9993842818 0.0001472799 003
2460118.4856683183 0.9999916415 0.0001548331 003
2460118.4858277813 0.9993923918 0.0001322737 003
2460118.4859872442 0.9996686541 0.0000970019 003
2460118.4861467071 0.9997849492 0.0001324269 003
2460118.4863061700 0.9998511617 0.0001436490 003
2460118.4864656329 0.9993339845 0.0001568262 003
2460118.4866250958 0.9994519611 0.0001318119 003
2460118.4867845587 0.9999305513 0.0001798717 003
2460118.4869440212 0.9998741380 0.0000942773 003
2460118.4871034841 1.0000192346 0.0001409682 003
2460118.4872629470 0.9999768799 0.0001862183 003
2460118.4874224099 0.9996698053 0.0001810476 003
2460118.4875818728 0.9995534322 0.0001714467 003
2460118.4877413358 0.9998627308 0.0001226790 003
2460118.4879007987 0.9996977947 0.0001264772 003
2460118.4880602616 0.9996485164 0.0001692708 003
2460118.4882197245 0.9995210222 0.0001832697 003
2460118.4883791874 0.9999813820 0.0000862186 003
2460118.4885386503 1.0000909831 0.0001902116 003
2460118.4886981132 1.0002635650 0.0001414071 003
2460118.4888575762 1.0001334092 0.0001140432 003
2460118.4890170386 1.0000482404 0.0001817129 003
2460118.4891765015 1.0000362536 0.0001810229 003
2460118.4893359644 1.0002790051 0.0001542998 003
2460118.4894954273 1.0000860361 0.0001198189 003
2460118.4896548903 1.0000856904 0.0000873993 003
2460118.4898143532 1.0001453302 0.0001358848 003
2460118.4899738161 0.9999493575 0.0000928831 003
2460118.4901332790 0.9998721515 0.0001059983 003
2460118.4902927419 1.0000194493 0.0000934903 003
2460118.4904522048 1.0000952100 0.0001428333 003
2460118.4906116677 1.0003546241 0.0001417429 003
2460118.4907711307 0.9999560833 0.0001376705 003
2460118.4909305936 1.0000653104 0.0001548966 003
2460118.4910900565 0.9995749397 0.0001370764 003
2460118.4912495189 1.0000157796 0.0001231175 003
2460118.4914089818 1.0000415112 0.0001430954 003
2460118.4915684448 1.0002564215 0.0000780440 003
2460118.4917279077 1.0000259067 0.0001152538 003
2460118.4918873706 1.0003468277 0.0001037336 003
2460118.4920468335 0.9999552478 0.0000721150 003
2460118.4922062964 0.9998873538 0.0001280859 003
2460118.4923657593 1.0001189909 0.0001135771 003
2460118.4925252222 1.0001367103 0.0001755289 003
2460118.4926846852 0.9998419115 0.0001164841 003
2460118.4928441481 0.9999488879 0.0001605837 003
2460118.4930036110 0.9998213937 0.0001478488 003
2460118.4931630739 1.0000830478 0.0001101436 003
2460118.4933225363 0.9999642039 0.0001566713 003
2460118.4934819993 0.9999227603 0.0001392957 003
2460118.4936414622 1.0003214170 0.0001500493 003
2460118.4938009251 1.0002696049 0.0001103619 003
2460118.4939603880 1.0003757003 0.0001247483 003
2460118.4941198509 0.9998340125 0.0002066135 003
2460118.4942793138 1.0002017576 0.0001528792 003
2460118.4944387767 1.0002788189 0.0001593980 003
2460118.4945982397 1.0001760958 0.0001175901 003
2460118.4947577026 1.0001261836 0.0001091297 003
2460118.4949171655 1.0000215015 0.0001439433 003
2460118.4950766284 1.0001846290 0.0001289372 003
2460118.4952360913 1.0001725229 0.0000614260 003
2460118.4953955538 1.0000024349 0.0001528545 003
2460118.4955550167 1.0001686694 0.0001463606 003
2460118.4957144796 1.0003685806 0.0000706092 003
2460118.4958739425 1.0000035574 0.0001407669 003
2460118.4960334054 0.9999148095 0.0001446326 003
2460118.4961928683 1.0002708198 0.0001100066 003
2460118.4963523312 1.0001024214 0.0001504135 003
2460118.4965117942 0.9996670314 0.0001566878 003
2460118.4966712571 0.9997593343 0.0001377287 003
2460118.4968307200 0.9999706942 0.0001964924 003
2460118.4969901829 0.9997729093 0.0000862981 003
2460118.4971496458 1.0002852888 0.0001031134 003
2460118.4973091087 1.0002692358 0.0001324522 003
2460118.4974685716 1.0002873819 0.0001074982 003
2460118.4976280341 1.0002762638 0.0001436355 003
2460118.4977874970 1.0002591091 0.0001427709 003
2460118.4979469599 1.0001048914 0.0001133347 003
2460118.4981064228 1.0000177868 0.0000830922 003
2460118.4982658857 1.0002366586 0.0001188113 003
2460118.4984253487 1.0000608362 0.0001091477 003
2460118.4985848116 1.0000473731 0.0001499123 003
2460118.4987442745 1.0001266078 0.0000847881 003
2460118.4989037374 1.0000659812 0.0001134123 003
2460118.4990632003 0.9999852770 0.0001174136 003
2460118.4992226632 0.9999720508 0.0001319631 003
2460118.4993821261 0.9999872613 0.0000926419 003
2460118.4995415891 1.0002555004 0.0001414400 003
2460118.4997010515 0.9999105799 0.0001133025 003
2460118.4998605144 1.0003121388 0.0000961215 003
2460118.5000199773 0.9998771988 0.0000859420 003
2460118.5001794402 1.0000071565 0.0000752058 003
2460118.5003389032 0.9997186580 0.0000996912 003
2460118.5004983661 0.9998678471 0.0001450280 003
2460118.5006578290 1.0003602957 0.0000957968 003
2460118.5008172919 0.9998734194 0.0001388980 003
2460118.5009767548 1.0000163461 0.0000834515 003
2460118.5011362177 1.0001266295 0.0001324235 003
2460118.5012956806 1.0000397370 0.0000944669 003
2460118.5014551436 1.0001742259 0.0000984628 003
2460118.5016146065 0.9998425022 0.0001229454 003
2460118.5017740689 1.0000779938 0.0001475398 003
2460118.5019335318 1.0001921466 0.0001128184 003
2460118.5020929947 0.9998196161 0.0001602377 003
2460118.5022524577 0.9998576458 0.0000756975 003
2460118.5024119206 1.0003152136 0.0001375674 003
