0.0000000000 003
0.0001594629 003
0.0003189258 003
0.0004783887 003
0.0006378517 003
0.0007973146 003
0.0009567775 003
0.0011162404 003
0.0012757033 003
0.0014351662 003
0.0015946291 003
0.0017540921 003
0.0019135550 003
0.0020730179 003
0.0022324808 003
0.0023919437 003
0.0025514062 003
0.0027108691 003
0.0028703320 003
0.0030297949 003
0.0031892578 003
0.0033487207 003
0.0035081836 003
0.0036676466 003
0.0038271095 003
0.0039865724 003
0.0041460353 003
0.0043054982 003
0.0044649611 003
0.0046244240 003
0.0047838870 003
0.0049433494 003
0.0051028123 003
0.0052622752 003
0.0054217381 003
0.0055812011 003
0.0057406640 003
0.0059001269 003
0.0060595898 003
0.0062190527 003
0.0063785156 003
0.0065379785 003
0.0066974415 003
0.0068569044 003
0.0070163673 003
0.0071758302 003
0.0073352931 003
0.0074947556 003
0.0076542185 003
0.0078136814 003
0.0079731443 003
0.0081326072 003
0.0082920701 003
0.0084515330 003
0.0086109960 003
0.0087704589 003
0.0089299218 003
0.0090893847 003
0.0092488476 003
0.0094083105 003
0.0095677734 003
0.0097272363 003
0.0098866988 003
0.0100461617 003
0.0102056246 003
0.0103650875 003
0.0105245505 003
0.0106840134 003
0.0108434763 003
0.0110029392 003
0.0111624021 003
0.0113218650 003
0.0114813279 003
0.0116407908 003
0.0118002538 003
0.0119597167 003
0.0121191796 003
0.0122786425 003
0.0124381050 003
0.0125975679 003
0.0127570308 003
0.0129164937 003
0.0130759566 003
0.0132354195 003
0.0133948824 003
0.0135543454 003
0.0137138083 003
0.0138732712 003
0.0140327341 003
0.0141921970 003
0.0143516599 003
0.0145111228 003
0.0146705857 003
0.0148300482 003
0.0149895111 003
0.0151489740 003
0.0153084369 003
0.0154678999 003
0.0156273628 003
0.0157868257 003
0.0159462886 003
0.0161057515 003
0.0162652144 003
0.0164246773 003
0.0165841402 003
0.0167436032 003
0.0169030661 003
0.0170625290 003
0.0172219919 003
0.0173814544 003
0.0175409173 003
0.0177003802 003
0.0178598431 003
0.0180193060 003
0.0181787689 003
0.0183382318 003
0.0184976947 003
0.0186571577 003
0.0188166206 003
0.0189760835 003
0.0191355464 003
0.0192950093 003
0.0194544722 003
0.0196139347 003
0.0197733976 003
0.0199328605 003
0.0200923234 003
0.0202517863 003
0.0204112493 003
0.0205707122 003
0.0207301751 003
0.0208896380 003
0.0210491009 003
0.0212085638 003
0.0213680267 003
0.0215274896 003
0.0216869526 003
0.0218464155 003
0.0220058784 003
0.0221653408 003
0.0223248038 003
0.0224842667 003
0.0226437296 003
0.0228031925 003
0.0229626554 003
0.0231221183 003
0.0232815812 003
0.0234410441 003
0.0236005071 003
0.0237599700 003
0.0239194329 003
0.0240788958 003
0.0242383587 003
0.0243978212 003
0.0245572841 003
0.0247167470 003
0.0248762099 003
0.0250356728 003
0.0251951357 003
0.0253545986 003
0.0255140616 003
0.0256735245 003
0.0258329874 003
0.0259924503 003
0.0261519132 003
0.0263113761 003
0.0264708390 003
0.0266303020 003
0.0267897649 003
0.0269492273 003
0.0271086902 003
0.0272681531 003
0.0274276161 003
0.0275870790 003
0.0277465419 003
0.0279060048 003
0.0280654677 003
0.0282249306 003
0.0283843935 003
0.0285438565 003
0.0287033194 003
0.0288627823 003
0.0290222452 003
0.0291817077 003
0.0293411706 003
0.0295006335 003
0.0296600964 003
0.0298195593 003
0.0299790222 003
0.0301384851 003
0.0302979480 003
0.0304574110 003
0.0306168739 003
0.0307763368 003
0.0309357997 003
0.0310952626 003
0.0312547255 003
0.0314141884 003
0.0315736509 003
0.0317331138 003
0.0318925767 003
0.0320520396 003
0.0322115025 003
0.0323709655 003
0.0325304284 003
0.0326898913 003
0.0328493542 003
0.0330088171 003
0.0331682800 003
0.0333277429 003
0.0334872059 003
0.0336466688 003
0.0338061317 003
0.0339655941 003
0.0341250570 003
0.0342845200 003
0.0344439829 003
0.0346034458 003
0.0347629087 003
0.0349223716 003
0.0350818345 003
0.0352412974 003
0.0354007604 003
0.0355602233 003
0.0357196862 003
0.0358791491 003
0.0360386120 003
0.0361980749 003
0.0363575374 003
0.0365170003 003
0.0366764632 003
0.0368359261 003
0.0369953890 003
0.0371548519 003
0.0373143149 003
0.0374737778 003
0.0376332407 003
0.0377927036 003
0.0379521665 003
0.0381116294 003
0.0382710923 003
0.0384305553 003
0.0385900177 003
0.0387494806 003
0.0389089435 003
0.0390684064 003
0.0392278694 003
0.0393873323 003
0.0395467952 003
0.0397062581 003
0.0398657210 003
0.0400251839 003
0.0401846468 003
0.0403441098 003
0.0405035727 003
0.0406630356 003
0.0408224980 003
0.0409819609 003
0.0411414239 003
0.0413008868 003
0.0414603497 003
0.0416198126 003
0.0417792755 003
0.0419387384 003
0.0420982013 003
0.0422576643 003
0.0424171272 003
0.0425765901 003
0.0427360530 003
0.0428955159 003
0.0430549788 003
0.0432144413 003
0.0433739042 003
0.0435333671 003
0.0436928300 003
0.0438522929 003
0.0440117558 003
0.0441712188 003
0.0443306817 003
0.0444901446 003
0.0446496075 003
0.0448090704 003
0.0449685333 003
0.0451279962 003
0.0452874592 003
0.0454469216 003
0.0456063845 003
0.0457658474 003
0.0459253103 003
0.0460847733 003
0.0462442362 003
0.0464036991 003
0.0465631620 003
0.0467226249 003
0.0468820878 003
0.0470415507 003
0.0472010137 003
0.0473604766 003
0.0475199395 003
0.0476794019 003
0.0478388648 003
0.0479983278 003
0.0481577907 003
0.0483172536 003
0.0484767165 003
0.0486361794 003
0.0487956423 003
0.0489551052 003
0.0491145682 003
0.0492740311 003
0.0494334940 003
0.0495929569 003
0.0497524198 003
0.0499118823 003
0.0500713452 003
0.0502308081 003
0.0503902710 003
0.0505497339 003
0.0507091968 003
0.0508686597 003
0.0510281227 003
0.0511875856 003
0.0513470485 003
0.0515065114 003
0.0516659743 003
0.0518254372 003
0.0519849001 003
0.0521443626 003
0.0523038255 003
0.0524632884 003
0.0526227513 003
0.0527822142 003
0.0529416772 003
0.0531011401 003
0.0532606030 003
0.0534200659 003
0.0535795288 003
0.0537389917 003
0.0538984546 003
0.0540579176 003
0.0542173805 003
0.0543768434 003
0.0545363058 003
0.0546957687 003
0.0548552317 003
0.0550146946 003
0.0551741575 003
0.0553336204 003
0.0554930833 003
0.0556525462 003
0.0558120091 003
0.0559714721 003
0.0561309350 003
0.0562903979 003
0.0564498608 003
0.0566093232 003
0.0567687862 003
0.0569282491 003
0.0570877120 003
0.0572471749 003
0.0574066378 003
0.0575661007 003
0.0577255636 003
0.0578850266 003
0.0580444895 003
0.0582039524 003
0.0583634153 003
0.0585228782 003
0.0586823411 003
0.0588418036 003
0.0590012665 003
0.0591607294 003
0.0593201923 003
0.0594796552 003
0.0596391181 003
0.0597985811 003
0.0599580440 003
0.0601175069 003
0.0602769698 003
0.0604364327 003
0.0605958956 003
0.0607553585 003
0.0609148215 003
0.0610742839 003
0.0612337468 003
0.0613932097 003
0.0615526726 003
0.0617121356 003
0.0618715985 003
0.0620310614 003
0.0621905243 003
0.0623499872 003
0.0625094501 003
0.0626689130 003
0.0628283760 003
0.0629878389 003
0.0631473018 003
0.0633067642 003
0.0634662271 003
0.0636256901 003
0.0637851530 003
0.0639446159 003
0.0641040788 003
0.0642635417 003
0.0644230046 003
0.0645824675 003
0.0647419305 003
0.0649013934 003
0.0650608563 003
0.0652203192 003
0.0653797821 003
0.0655392446 003
0.0656987075 003
0.0658581704 003
0.0660176333 003
0.0661770962 003
0.0663365591 003
0.0664960220 003
0.0666554850 003
0.0668149479 003
0.0669744108 003
0.0671338737 003
0.0672933366 003
0.0674527995 003
0.0676122624 003
0.0677717249 003
0.0679311878 003
0.0680906507 003
0.0682501136 003
0.0684095765 003
0.0685690395 003
0.0687285024 003
0.0688879653 003
0.0690474282 003
0.0692068911 003
0.0693663540 003
0.0695258169 003
0.0696852799 003
0.0698447423 003
0.0700042052 003
0.0701636681 003
0.0703231310 003
0.0704825940 003
0.0706420569 003
0.0708015198 003
0.0709609827 003
0.0711204456 003
0.0712799085 003
0.0714393714 003
0.0715988344 003
0.0717582973 003
0.0719177602 003
0.0720772226 003
0.0722366855 003
0.0723961485 003
0.0725556114 003
0.0727150743 003
0.0728745372 003
0.0730340001 003
0.0731934630 003
0.0733529259 003
0.0735123889 003
0.0736718518 003
0.0738313147 003
0.0739907776 003
0.0741502400 003
0.0743097030 003
0.0744691659 003
0.0746286288 003
0.0747880917 003
0.0749475546 003
0.0751070175 003
0.0752664804 003
0.0754259434 003
0.0755854063 003
0.0757448692 003
0.0759043321 003
0.0760637950 003
0.0762232575 003
0.0763827204 003
0.0765421833 003
0.0767016462 003
0.0768611091 003
0.0770205720 003
0.0771800349 003
0.0773394979 003
0.0774989608 003
0.0776584237 003
0.0778178866 003
0.0779773495 003
0.0781368124 003
0.0782962753 003
0.0784557378 003
0.0786152007 003
0.0787746636 003
0.0789341265 003
0.0790935894 003
0.0792530524 003
0.0794125153 003
0.0795719782 003
0.0797314411 003
0.0798909040 003
0.0800503669 003
0.0802098298 003
0.0803692928 003
0.0805287552 003
0.0806882181 003
0.0808476810 003
0.0810071439 003
0.0811666069 003
0.0813260698 003
0.0814855327 003
0.0816449956 003
0.0818044585 003
0.0819639214 003
0.0821233843 003
0.0822828473 003
0.0824423102 003
0.0826017726 003
0.0827612355 003
0.0829206984 003
0.0830801614 003
0.0832396243 003
