0.629 -48.38 1606.45
0.650 203.22 894.04
0.671 -1039.50 639.15
0.693 -297.41 425.06
0.715 -187.57 277.02
0.738 26.91 171.94
0.762 -15.65 173.61
0.787 -237.88 188.49
0.813 70.07 140.24
0.839 -7.32 100.44
0.867 -117.98 101.61
0.895 -35.91 108.50
0.924 -6.02 69.57
0.954 59.18 98.29
0.985 -81.88 99.99
1.017 -117.64 91.07
1.050 -52.54 70.58
1.084 -8.83 87.15
1.119 -61.52 83.88
1.156 72.89 85.90
1.193 114.34 76.98
1.232 26.24 81.12
1.272 42.02 65.62
1.314 61.58 59.29
1.356 -37.04 62.80
1.400 -67.12 57.54
1.446 -4.05 57.98
1.493 -56.58 56.09
1.542 -27.19 53.38
1.592 -88.31 50.61
1.643 -44.83 59.47
1.697 1.25 51.98
1.752 14.11 48.75
1.809 -5.09 48.13
1.868 41.31 47.35
1.929 -1.01 45.77
1.991 -25.34 46.89
2.056 -13.45 43.24
2.123 -19.22 41.65
2.192 -2.51 43.48
2.263 -21.14 39.57
2.337 44.86 42.33
2.413 -10.27 40.72
2.491 46.68 46.45
2.572 -9.28 47.78
2.656 -36.90 41.41
2.742 26.00 43.66
2.831 -28.77 45.29
2.924 -14.64 57.18
3.018 -36.46 52.23
3.117 -62.21 47.87
3.218 -41.46 49.16
3.323 41.99 43.27
3.431 72.60 43.07
3.542 40.08 40.15
3.658 11.42 37.50
3.776 -2.27 35.09
3.899 7.07 37.72
4.026 66.01 36.79
4.157 -30.34 42.53
4.292 -43.89 46.97
4.432 -61.29 50.44
4.576 -2.72 55.88
4.724 -27.53 55.56
4.878 -10.93 61.64
5.037 -64.10 60.67
5.208 52.66 67.53
