-2.4986333437 0.9950844195 0.0166429425
-2.4948063120 0.9762386420 0.0211441249
-2.4909792691 1.0150425029 0.0096343058
-2.4871522374 1.0223757308 0.0168667541
-2.4833251946 1.0213091082 0.0174660576
-2.4794981629 1.0103723229 0.0194003605
-2.4756711200 0.9838076006 0.0163002883
-2.4718440883 1.0178953827 0.0113905202
-2.4680170566 1.0287466679 0.0147116521
-2.4641900137 1.0124006048 0.0085708268
-2.4603629820 1.0481148058 0.0202041609
-2.4565359391 1.0210537571 0.0139401536
-2.4527089074 0.9910885930 0.0162276998
-2.4488818645 0.9956733094 0.0190275915
-2.4450548328 1.0087969594 0.0129319547
-2.4412278011 1.0496535431 0.0107163314
-2.4374007583 0.9873526484 0.0101697880
-2.4335737266 1.0202003397 0.0144691259
-2.4297466837 1.0203840310 0.0166453290
-2.4259196520 1.0475257035 0.0194374605
-2.4220926091 0.9810270275 0.0133485659
-2.4182655774 1.0273638139 0.0136685890
-2.4144385457 1.0256019951 0.0158158231
-2.4106115028 0.9775876085 0.0181881166
-2.4067844711 1.0346496988 0.0139461052
-2.4029574282 0.9910944849 0.0194986962
-2.3991303965 1.0509480955 0.0111821726
-2.3953033537 1.0028396791 0.0129725630
-2.3914763220 0.9977516607 0.0069489496
-2.3876492903 1.0218799751 0.0105927677
-2.3838222474 1.0125970370 0.0077033581
-2.3799952157 1.0015456765 0.0085123868
-2.3761681728 1.0221634189 0.0110466670
-2.3723411411 1.0138868879 0.0107965168
-2.3685140982 1.0162237030 0.0106146093
-2.3646870665 1.0348208679 0.0133260611
-2.3608600348 0.9772267933 0.0108914240
-2.3570329919 1.0256464279 0.0157758085
-2.3532059602 1.0158853165 0.0147477570
-2.3493789174 1.0301864122 0.0125942945
-2.3455518857 1.0019332291 0.0125255423
-2.3417248428 1.0304922993 0.0145018029
-2.3378978111 1.0239588424 0.0138691682
-2.3340707682 1.0240325930 0.0153140248
-2.3302437365 1.0100667597 0.0143555578
-2.3264167048 0.9956097486 0.0064393594
-2.3225896619 0.9963944493 0.0185074630
-2.3187626302 0.9880252311 0.0179085980
-2.3149355873 1.0282615108 0.0138733977
-2.3111085556 1.0027073765 0.0100027088
-2.3072815128 1.0125082127 0.0148730647
-2.3034544811 1.0243035068 0.0150884639
-2.2996274494 1.0420674513 0.0247090067
-2.2958004065 1.0240401574 0.0123302332
-2.2919733748 0.9718982882 0.0111624941
-2.2881463319 1.0020724954 0.0190634472
-2.2843193002 1.0267487515 0.0157437975
-2.2804922573 0.9836838763 0.0195848635
-2.2766652256 1.0074724787 0.0201934677
-2.2728381939 1.0231365933 0.0128671554
-2.2690111510 1.0193788968 0.0119986713
-2.2651841193 1.0019936512 0.0151583009
-2.2613570765 0.9772353048 0.0155098857
-2.2575300448 1.0252525922 0.0123326811
-2.2537030019 1.0434426983 0.0176206512
-2.2498759702 0.9984787292 0.0169927879
-2.2460489385 1.0090574909 0.0141389359
-2.2422218956 1.0131225625 0.0122331861
-2.2383948639 1.0020327244 0.0144649398
-2.2345678210 0.9722388285 0.0157741432
-2.2307407893 0.9842014139 0.0080961918
-2.2269137464 0.9981384340 0.0224996450
-2.2230867147 1.0372949648 0.0091090371
-2.2192596830 1.0470192408 0.0153920031
-2.2154326402 1.0262250530 0.0164741253
-2.2116056085 0.9882053691 0.0142515816
-2.2077785656 0.9918117166 0.0169819698
-2.2039515339 1.0082343895 0.0146975738
-2.2001244910 0.9915124227 0.0172876168
-2.1962974593 1.0038840316 0.0083457856
-2.1924704276 0.9907603637 0.0103259067
-2.1886433847 1.0089606440 0.0132735330
-2.1848163530 1.0047588178 0.0141144086
-2.1809893101 0.9854186940 0.0163948975
-2.1771622784 1.0420877443 0.0196561663
-2.1733352356 1.0270478621 0.0185112843
-2.1695082039 0.9922051810 0.0144947853
-2.1656811722 1.0444887188 0.0180020876
-2.1618541293 1.0344034559 0.0131247412
-2.1580270976 0.9947816288 0.0188386911
-2.1542000547 1.0281366880 0.0150263974
-2.1503730230 1.0049866096 0.0104355058
-2.1465459801 0.9669188885 0.0100657996
-2.1427189484 0.9917386794 0.0113605958
-2.1388919167 1.0101363041 0.0163544397
-2.1350648738 1.0164253989 0.0097742791
-2.1312378421 0.9555163432 0.0166428564
-2.1274107993 0.9586773945 0.0175464325
-2.1235837676 0.9987207517 0.0113837713
-2.1197567247 1.0054293890 0.0165233199
-2.1159296930 1.0324874654 0.0163554111
-2.1121026613 1.0449356761 0.0197390410
-2.1082756184 1.0096522827 0.0179719038
-2.1044485867 1.0214466116 0.0128072005
-2.1006215438 1.0232411606 0.0120001803
-2.0967945121 1.0124038022 0.0135046170
-2.0929674692 1.0178356129 0.0121845298
-2.0891404375 0.9694124540 0.0144917791
-2.0853134058 0.9992300251 0.0121719319
-2.0814863630 1.0100717299 0.0160641945
-2.0776593313 0.9863355271 0.0170572439
-2.0738322884 0.9935284737 0.0151419423
-2.0700052567 1.0088696214 0.0113824851
-2.0661782250 1.0101436291 0.0112110305
-2.0623511821 1.0175057424 0.0175705680
-2.0585241504 0.9672086629 0.0156568894
-2.0546971075 0.9930081423 0.0154996460
-2.0508700758 1.0163813591 0.0115855646
-2.0470430329 0.9652160647 0.0094964161
-2.0432160012 1.0131371099 0.0138750524
-2.0393889695 0.9877250627 0.0099066838
-2.0355619267 1.0161277065 0.0097434780
-2.0317348950 1.0070083920 0.0083466402
-2.0279078521 0.9814346085 0.0182982315
-2.0240808204 1.0087890110 0.0163463630
-2.0202537775 0.9501528325 0.0157710578
-2.0164267458 1.0272500072 0.0175222513
-2.0125997141 0.9796292166 0.0110416841
-2.0087726712 0.9953067610 0.0098433025
-2.0049456395 0.9680965614 0.0122779979
-2.0011185966 0.9911257739 0.0192422160
-1.9972915649 0.9847278154 0.0189893627
-1.9934645221 1.0000082403 0.0152311401
-1.9896374904 0.9779189794 0.0167925571
-1.9858104587 1.0046289018 0.0110016277
-1.9819834158 0.9805956413 0.0134308501
-1.9781563841 0.9870080396 0.0137264607
-1.9743293412 0.9760107587 0.0177907145
-1.9705023095 1.0033584281 0.0117617585
-1.9666752666 0.9858561531 0.0084323308
-1.9628482349 1.0109757418 0.0191646293
-1.9590212032 0.9945455587 0.0109142395
-1.9551941603 1.0053764266 0.0157829059
-1.9513671286 1.0103012208 0.0221669863
-1.9475400858 1.0243912673 0.0147693912
-1.9437130541 1.0137269420 0.0161262514
-1.9398860224 0.9964887499 0.0186620429
-1.9360589795 0.9958380773 0.0124489226
-1.9322319478 1.0065440400 0.0083680837
-1.9284049049 1.0085263498 0.0134371664
-1.9245778732 1.0284009312 0.0176297144
-1.9207508303 1.0158869583 0.0116332983
-1.9169237986 1.0017673828 0.0077874261
-1.9130967669 1.0073192352 0.0152545693
-1.9092697240 1.0133110544 0.0153488414
-1.9054426923 0.9740362976 0.0108029289
-1.9016156495 0.9996946331 0.0129641327
-1.8977886178 0.9885558990 0.0169115567
-1.8939615749 0.9900392073 0.0182778011
-1.8901345432 1.0030184010 0.0126276569
-1.8863075115 1.0168742258 0.0129304895
-1.8824804686 0.9726638157 0.0206213548
-1.8786534369 1.0187271905 0.0156954796
-1.8748263940 1.0233565749 0.0153020802
-1.8709993623 1.0052002780 0.0142069060
-1.8671723194 1.0059630767 0.0159409450
-1.8633452877 0.9960623932 0.0158995568
-1.8595182560 0.9726622048 0.0167789575
-1.8556912132 0.9985316597 0.0130513312
-1.8518641815 0.9942038409 0.0134829168
-1.8480371386 1.0020630556 0.0144519388
-1.8442101069 0.9647236635 0.0112063397
-1.8403830752 1.0240231283 0.0188581294
-1.8365560323 1.0368947621 0.0173738815
-1.8327290006 1.0174617775 0.0139680597
-1.8289019577 1.0195452311 0.0173501358
-1.8250749260 1.0160247263 0.0143686360
-1.8212478831 0.9992983516 0.0073171892
-1.8174208514 1.0164554883 0.0172843669
-1.8135938197 0.9901558448 0.0157519537
-1.8097667769 1.0019903649 0.0121752941
-1.8059397452 1.0225026406 0.0077790551
-1.8021127023 1.0162226722 0.0121444664
-1.7982856706 0.9989616682 0.0154576840
-1.7944586277 0.9699255859 0.0109959885
-1.7906315960 0.9941741653 0.0118716807
-1.7868045643 1.0170751505 0.0185058238
-1.7829775214 1.0135789441 0.0163030666
-1.7791504897 1.0302415952 0.0182770357
-1.7753234468 0.9589824026 0.0121167221
-1.7714964151 1.0189481401 0.0089910063
-1.7676693723 1.0075773294 0.0104768719
-1.7638423406 0.9873735311 0.0139944054
-1.7600153089 1.0015664313 0.0144447343
-1.7561882660 1.0026010558 0.0060222990
-1.7523612343 1.0069339996 0.0118665917
-1.7485341914 0.9958846063 0.0151375825
-1.7447071597 1.0253141293 0.0235506523
-1.7408801280 0.9813455833 0.0171366446
-1.7370530851 0.9956402940 0.0144957924
-1.7332260534 0.9871438476 0.0191910814
-1.7293990105 0.9801305367 0.0164290051
-1.7255719788 1.0121992184 0.0143527875
-1.7217449360 0.9879056749 0.0244540284
-1.7179179043 0.9876140899 0.0103905031
-1.7140908726 0.9809040497 0.0120986628
-1.7102638297 0.9719888028 0.0136756267
-1.7064367980 1.0060576952 0.0162441397
-1.7026097551 0.9674153238 0.0164178006
-1.6987827234 0.9875143424 0.0104487726
-1.6949556917 0.9748734238 0.0150448360
-1.6911286488 0.9785711749 0.0087969011
-1.6873016171 1.0021806880 0.0181616848
-1.6834745742 1.0111908960 0.0115432849
-1.6796475425 1.0058970136 0.0122595441
-1.6758204997 0.9872576016 0.0120712786
-1.6719934680 0.9796902843 0.0153671371
-1.6681664363 1.0330698749 0.0218777876
-1.6643393934 0.9920210874 0.0174243848
-1.6605123617 1.0072549733 0.0134337609
-1.6566853188 1.0062861849 0.0107625822
-1.6528582871 1.0006865206 0.0173101866
-1.6490312442 1.0042063760 0.0151729430
-1.6452042125 0.9916076563 0.0196599145
-1.6413771808 1.0076565714 0.0086690968
-1.6375501379 0.9967131059 0.0081911587
-1.6337231062 0.9838673947 0.0087698126
-1.6298960634 0.9677390283 0.0147742347
-1.6260690317 0.9848907076 0.0120929064
-1.6222420000 1.0186939092 0.0123571223
-1.6184149571 1.0139214349 0.0184559510
-1.6145879254 1.0168042392 0.0181410645
-1.6107608825 0.9882340855 0.0164616992
-1.6069338508 1.0177603207 0.0101202429
-1.6031068079 0.9662009394 0.0149811178
-1.5992797762 0.9966342400 0.0138053446
-1.5954527445 1.0194294341 0.0082036054
-1.5916257016 0.9915154222 0.0146102306
-1.5877986699 0.9985962540 0.0107350813
-1.5839716271 1.0075870092 0.0242928236
-1.5801445954 1.0293929398 0.0166572132
-1.5763175637 1.0061388344 0.0142774669
-1.5724905208 0.9964278597 0.0128952806
-1.5686634891 1.0249055876 0.0107502944
-1.5648364462 1.0164349915 0.0269837994
-1.5610094145 0.9898593904 0.0118890177
-1.5571823716 0.9835511478 0.0135261780
-1.5533553399 0.9903057789 0.0141549262
-1.5495283082 0.9786225949 0.0235199465
-1.5457012653 0.9975149284 0.0113505212
-1.5418742336 1.0204203985 0.0151045831
-1.5380471908 1.0511620914 0.0239392608
-1.5342201591 1.0037162947 0.0107475353
-1.5303931162 0.9947563428 0.0097347663
-1.5265660845 1.0158452715 0.0134323254
-1.5227390528 1.0269168084 0.0153606876
-1.5189120099 0.9856658920 0.0159288953
-1.5150849782 1.0014774898 0.0121478901
-1.5112579353 1.0093808119 0.0161339868
-1.5074309036 1.0222622186 0.0115746878
-1.5036038719 0.9988522398 0.0187777741
-1.4997768290 1.0037473299 0.0094467282
-1.4959497973 1.0245353663 0.0225674184
-1.4921227545 1.0108826679 0.0108382151
-1.4882957228 1.0207157878 0.0140756607
-1.4844686911 1.0012225576 0.0147582519
-1.4806416482 0.9993221405 0.0147272866
-1.4768146165 0.9879285080 0.0141644625
-1.4729875736 0.9980813478 0.0161386235
-1.4691605419 0.9879091153 0.0108626757
-1.4653334990 1.0261421157 0.0118946612
-1.4615064673 1.0165208708 0.0129281529
-1.4576794356 1.0047094973 0.0099547351
-1.4538523927 0.9791499084 0.0102719342
-1.4500253610 1.0072721198 0.0130160412
-1.4461983182 0.9791914629 0.0219426865
-1.4423712865 1.0370610252 0.0197513022
-1.4385442548 1.0082216371 0.0156444495
-1.4347172119 0.9902274957 0.0104823038
-1.4308901802 1.0474785702 0.0153451334
-1.4270631373 1.0167872920 0.0108450375
-1.4232361056 0.9930953583 0.0142692266
-1.4194090627 1.0099306846 0.0067517735
-1.4155820310 0.9801681724 0.0181336656
-1.4117549993 0.9748239950 0.0125454266
-1.4079279564 1.0045935014 0.0180569586
-1.4041009247 0.9575686770 0.0140400029
-1.4002738819 1.0007736645 0.0137681489
-1.3964468502 1.0183116556 0.0134666470
-1.3926198184 0.9715664597 0.0105483882
-1.3887927756 0.9972336816 0.0120035158
-1.3849657439 1.0122899051 0.0131677525
-1.3811387010 1.0061523542 0.0141544208
-1.3773116693 0.9785339964 0.0109751131
-1.3734846264 1.0239911537 0.0129660772
-1.3696575947 1.0334624337 0.0111017584
-1.3658305630 0.9724885072 0.0133626729
-1.3620035201 1.0323943142 0.0175696434
-1.3581764884 0.9881185638 0.0164951666
-1.3543494456 1.0163240032 0.0123345771
-1.3505224138 1.0138193055 0.0088598069
-1.3466953821 0.9921383052 0.0068178635
-1.3428683393 0.9746247345 0.0148792678
-1.3390413076 0.9966342845 0.0124463973
-1.3352142647 1.0045347305 0.0213785107
-1.3313872330 0.9675237738 0.0151762655
-1.3275601901 0.9843052980 0.0148071162
-1.3237331584 1.0241365033 0.0181611121
-1.3199061267 0.9822451555 0.0131899879
-1.3160790838 0.9738113832 0.0142064044
-1.3122520521 1.0203972559 0.0116658285
-1.3084250093 1.0098206053 0.0164877370
-1.3045979775 1.0168481041 0.0068025182
-1.3007709458 1.0055243484 0.0187094661
-1.2969439030 0.9997112514 0.0161827200
-1.2931168713 1.0003336297 0.0113337326
-1.2892898284 0.9765768697 0.0138582110
-1.2854627967 0.9901729985 0.0140578715
-1.2816357650 0.9826755053 0.0116357083
-1.2778087221 0.9993983730 0.0120177853
-1.2739816904 1.0073578375 0.0122285854
-1.2701546475 0.9786063141 0.0214239606
-1.2663276158 0.9809506473 0.0159537927
-1.2625005729 1.0110353239 0.0127226177
-1.2586735412 0.9896938574 0.0180174220
-1.2548465095 1.0168476299 0.0164945820
-1.2510194667 1.0070138604 0.0159056954
-1.2471924350 0.9973610340 0.0093183342
-1.2433653921 1.0047247240 0.0117882412
-1.2395383604 1.0038332676 0.0172670489
-1.2357113287 1.0082293480 0.0140874932
-1.2318842858 1.0105933369 0.0229746468
-1.2280572541 1.0028646189 0.0174258404
-1.2242302112 0.9856596630 0.0091226061
-1.2204031795 1.0054650382 0.0161292292
-1.2165761366 1.0262739475 0.0104932429
-1.2127491049 1.0053052577 0.0191382032
-1.2089220732 0.9820458639 0.0126053158
-1.2050950304 1.0017817500 0.0209289877
-1.2012679987 1.0218375819 0.0125963274
-1.1974409558 1.0142992786 0.0141941064
-1.1936139241 1.0077041112 0.0108573302
-1.1897868924 0.9889146726 0.0169660666
-1.1859598495 1.0156146522 0.0152467798
-1.1821328178 1.0019527563 0.0159931474
-1.1783057749 0.9653571236 0.0152409324
-1.1744787432 1.0025918416 0.0172900058
-1.1706517115 0.9688941205 0.0163432295
-1.1668246686 1.0354796770 0.0232443865
-1.1629976369 1.0093363436 0.0167888736
-1.1591705941 1.0243409947 0.0168112246
-1.1553435624 1.0142166501 0.0061300261
-1.1515165195 0.9815763635 0.0146065136
-1.1476894878 1.0219047749 0.0201838168
-1.1438624561 0.9976716869 0.0158706624
-1.1400354132 1.0479487091 0.0202432284
-1.1362083815 1.0426765563 0.0183320578
-1.1323813386 1.0227561839 0.0129200873
-1.1285543069 0.9725667705 0.0127692630
-1.1247272752 1.0209011790 0.0137014654
-1.1209002323 0.9880860773 0.0088828484
-1.1170732006 1.0055889883 0.0158729651
-1.1132461578 1.0189091056 0.0226782370
-1.1094191261 0.9855654585 0.0150333667
-1.1055920944 0.9852476535 0.0162213486
-1.1017650515 1.0053674954 0.0120582964
-1.0979380198 0.9788834625 0.0100714850
-1.0941109769 1.0022452785 0.0064549606
-1.0902839452 1.0080316309 0.0211341903
-1.0864569135 1.0138334248 0.0132508115
-1.0826298706 0.9723280178 0.0117100831
-1.0788028389 0.9870936302 0.0133058208
-1.0749757960 1.0168197151 0.0206181831
-1.0711487643 0.9867120736 0.0204913989
-1.0673217215 0.9793967369 0.0131890068
-1.0634946898 0.9844594504 0.0096948504
-1.0596676581 1.0173037644 0.0163028055
-1.0558406152 0.9696954246 0.0164894680
-1.0520135835 1.0142749864 0.0136918621
-1.0481865406 0.9766940318 0.0103953878
-1.0443595089 0.9988308450 0.0169688183
-1.0405324772 1.0190500473 0.0109126571
-1.0367054343 0.9876851030 0.0149172284
-1.0328784026 0.9720829286 0.0093975216
-1.0290513597 0.9756876801 0.0123405549
-1.0252243280 0.9809723364 0.0161789322
-1.0213972963 1.0140384950 0.0189784191
-1.0175702535 0.9906811866 0.0210306673
-1.0137432218 0.9900572363 0.0107909942
-1.0099161789 1.0091236059 0.0136869135
-1.0060891472 0.9880587446 0.0164535443
-1.0022621155 1.0039206507 0.0120203462
-0.9984350726 1.0154906228 0.0167290438
-0.9946080409 0.9839751884 0.0096737205
-0.9907809980 0.9738596349 0.0151241163
-0.9869539663 0.9920720472 0.0141648288
-0.9831269234 0.9714861082 0.0041066981
-0.9792998917 1.0245044572 0.0114942028
-0.9754728600 1.0144445552 0.0174999851
-0.9716458172 0.9964954756 0.0198466972
-0.9678187855 1.0333419688 0.0224539700
-0.9639917426 0.9789974443 0.0130194927
-0.9601647109 1.0185030717 0.0080185617
-0.9563376792 1.0119311778 0.0129803783
-0.9525106363 0.9774717426 0.0106428608
-0.9486836046 1.0074788836 0.0197514037
-0.9448565617 1.0056278883 0.0095959288
-0.9410295300 0.9982600962 0.0138804042
-0.9372024983 0.9628770048 0.0157870169
-0.9333754554 1.0063415274 0.0167281583
-0.9295484237 0.9883796615 0.0137735793
-0.9257213809 0.9871225239 0.0190684078
-0.9218943492 1.0158339930 0.0157374292
-0.9180673175 0.9814328591 0.0091861953
-0.9142402746 0.9433254083 0.0107932666
-0.9104132429 0.9629706134 0.0190080604
-0.9065862000 0.9974360591 0.0192526857
-0.9027591683 1.0185937044 0.0104563241
-0.8989321366 0.9952001793 0.0199640645
-0.8951050937 0.9924022024 0.0164602144
-0.8912780620 0.9875350398 0.0164837287
-0.8874510191 1.0012511277 0.0184340391
-0.8836239874 1.0276802760 0.0112817955
-0.8797969446 0.9718707528 0.0132147947
-0.8759699129 1.0015310249 0.0156365823
-0.8721428812 1.0123265421 0.0173457762
-0.8683158383 0.9830351273 0.0113935366
-0.8644888066 0.9909904351 0.0163525829
-0.8606617637 0.9832979828 0.0175897238
-0.8568347320 0.9899949513 0.0185315352
-0.8530077003 0.9876084498 0.0103130769
-0.8491806574 1.0100128569 0.0143019482
-0.8453536257 0.9953006171 0.0168486333
-0.8415265828 1.0255209220 0.0114593826
-0.8376995511 1.0200558031 0.0170715934
-0.8338725194 0.9982637442 0.0161676154
-0.8300454766 1.0441861843 0.0081343436
-0.8262184449 0.9681813997 0.0179367147
-0.8223914020 0.9662849187 0.0187874725
-0.8185643703 1.0019334567 0.0101561491
-0.8147373386 0.9748996745 0.0105893254
-0.8109102957 0.9841410643 0.0167439101
-0.8070832640 0.9950044509 0.0197340015
-0.8032562211 0.9751674940 0.0188802932
-0.7994291894 1.0061358952 0.0103677196
-0.7956021577 0.9895390124 0.0125329801
-0.7917751148 1.0026391006 0.0148651350
-0.7879480831 0.9807678753 0.0125022657
-0.7841210403 1.0227294555 0.0152162969
-0.7802940086 1.0138570155 0.0132164986
-0.7764669769 1.0023329252 0.0091598685
-0.7726399340 1.0264376186 0.0116369460
-0.7688129023 1.0069245765 0.0118012143
-0.7649858594 0.9953803798 0.0137112495
-0.7611588277 0.9832833081 0.0106730128
-0.7573317960 1.0413122248 0.0186532459
-0.7535047531 0.9910324924 0.0106425428
-0.7496777214 0.9769039729 0.0146132937
-0.7458506785 1.0060238904 0.0113799657
-0.7420236468 1.0209456888 0.0130363069
-0.7381966040 0.9906624233 0.0212338063
-0.7343695723 1.0008624959 0.0142070424
-0.7305425406 1.0114305498 0.0117400713
-0.7267154977 0.9955579714 0.0163854988
-0.7228884660 0.9963074605 0.0149893193
-0.7190614231 1.0207643907 0.0146103115
-0.7152343914 0.9823462882 0.0159223110
-0.7114073597 0.9716195465 0.0151623393
-0.7075803168 0.9803918291 0.0161947412
-0.7037532851 0.9839909657 0.0128388822
-0.6999262422 1.0286710056 0.0141027116
-0.6960992105 0.9903090123 0.0164922127
-0.6922721788 0.9890387549 0.0157094658
-0.6884451360 0.9706747519 0.0163119404
-0.6846181042 0.9922327348 0.0108195124
-0.6807910614 0.9774055955 0.0179700789
-0.6769640297 1.0215263234 0.0121416051
-0.6731369980 1.0085682756 0.0155433556
-0.6693099551 0.9928993964 0.0120951214
-0.6654829234 1.0097441316 0.0081367498
-0.6616558805 1.0043827882 0.0163810111
-0.6578288488 0.9724680577 0.0206219106
-0.6540018171 1.0299366371 0.0197244268
-0.6501747742 1.0017694758 0.0182002106
-0.6463477425 0.9581438705 0.0100505762
-0.6425206997 0.9960432655 0.0141578613
-0.6386936679 1.0056655706 0.0098631065
-0.6348666362 0.9993392594 0.0117496716
-0.6310395934 0.9972927955 0.0151375778
-0.6272125617 1.0040179341 0.0130780140
-0.6233855188 1.0023793935 0.0160485586
-0.6195584871 0.9755660822 0.0157181484
-0.6157314554 1.0135379624 0.0108218368
-0.6119044125 0.9884206128 0.0177590824
-0.6080773808 1.0181086658 0.0126285192
-0.6042503379 0.9609054204 0.0090091605
-0.6004233062 0.9976307466 0.0118535049
-0.5965962745 1.0195388970 0.0197807860
-0.5927692316 1.0102366186 0.0106893249
-0.5889421999 1.0576201812 0.0126727273
-0.5851151571 0.9959738817 0.0121557911
-0.5812881254 0.9949901345 0.0169614367
-0.5774610937 1.0089317920 0.0156377076
-0.5736340508 0.9921318677 0.0068337154
-0.5698070191 1.0049674932 0.0154520386
-0.5659799762 0.9904944311 0.0154145487
-0.5621529445 1.0076915882 0.0157127566
-0.5583259128 0.9864586606 0.0104571530
-0.5544988699 1.0029367495 0.0140826621
-0.5506718382 0.9595859217 0.0144946648
-0.5468447953 0.9687632842 0.0136120955
-0.5430177636 0.9984256035 0.0164046668
-0.5391907319 0.9759066476 0.0187895402
-0.5353636891 0.9628234492 0.0136662419
-0.5315366574 1.0218686181 0.0087959173
-0.5277096145 1.0001220068 0.0139667103
-0.5238825828 1.0405470108 0.0161116639
-0.5200555511 1.0128728286 0.0175211066
-0.5162285082 0.9677555685 0.0204314402
-0.5124014765 1.0170245868 0.0132883902
-0.5085744336 0.9854696910 0.0183327328
-0.5047474019 0.9773644429 0.0168613134
-0.5009203702 0.9857727036 0.0108928537
-0.4970933273 1.0009709215 0.0158005872
-0.4932662956 1.0247645859 0.0167241327
-0.4894392528 1.0003134645 0.0115153224
-0.4856122211 0.9960516162 0.0157424269
-0.4817851894 1.0041348613 0.0147264415
-0.4779581465 0.9748748214 0.0159199007
-0.4741311148 0.9815386165 0.0133012156
-0.4703040719 1.0051899794 0.0143532016
-0.4664770402 0.9995500521 0.0180070183
-0.4626500085 1.0007733243 0.0124083233
-0.4588229656 1.0123721628 0.0063748252
-0.4549959339 0.9944368783 0.0123164641
-0.4511688910 0.9884369628 0.0182388546
-0.4473418593 1.0212580095 0.0116874137
-0.4435148276 1.0384429941 0.0178230724
-0.4396877848 1.0046611869 0.0157270868
-0.4358607531 1.0278968273 0.0160308476
-0.4320337102 0.9599971944 0.0128264994
-0.4282066785 0.9853419358 0.0166825090
-0.4243796468 0.9905742916 0.0105652597
-0.4205526039 1.0205597440 0.0173505530
-0.4167255722 0.9576903119 0.0128188446
-0.4128985293 0.9710303307 0.0172408785
-0.4090714976 0.9960498763 0.0125024334
-0.4052444659 0.9778091662 0.0147455222
-0.4014174230 0.9892038035 0.0162510202
-0.3975903913 0.9866620656 0.0133654599
-0.3937633485 1.0127857517 0.0123995442
-0.3899363168 0.9582432656 0.0112996421
-0.3861092851 0.9842546555 0.0124857655
-0.3822822422 0.9819588330 0.0141258340
-0.3784552105 1.0046757434 0.0122832842
-0.3746281676 0.9736394364 0.0168595286
-0.3708011359 0.9954395114 0.0125479256
-0.3669741042 0.9700312082 0.0116872841
-0.3631470613 1.0321797552 0.0212935166
-0.3593200296 1.0155282929 0.0142258373
-0.3554929867 0.9911504114 0.0212107504
-0.3516659550 0.9482654801 0.0115262538
-0.3478389233 0.9891062357 0.0144219882
-0.3440118805 1.0292626828 0.0173707859
-0.3401848488 1.0147204465 0.0203198517
-0.3363578059 0.9850606411 0.0137480527
-0.3325307742 0.9904854426 0.0106295070
-0.3287037425 0.9952525050 0.0138010937
-0.3248766996 1.0144564584 0.0100611558
-0.3210496679 0.9911192550 0.0211953983
-0.3172226250 0.9966231274 0.0146735014
-0.3133955933 1.0505362017 0.0117835533
-0.3095685616 1.0193093922 0.0146777017
-0.3057415187 0.9895093802 0.0118582808
-0.3019144870 0.9768525913 0.0092570043
-0.2980874442 1.0114929002 0.0221996999
-0.2942604125 0.9973109629 0.0101623241
-0.2904333808 1.0051372790 0.0169281051
-0.2866063379 0.9942866573 0.0179442887
-0.2827793062 0.9835438312 0.0220305604
-0.2789522633 0.9999917597 0.0147767043
-0.2751252316 1.0357246911 0.0153439293
-0.2712981999 0.9886969933 0.0168055398
-0.2674711570 0.9795716715 0.0195658721
-0.2636441253 1.0083389099 0.0142727193
-0.2598170824 0.9881057780 0.0141352738
-0.2559900507 1.0474005040 0.0114920003
-0.2521630190 1.0425083185 0.0138457472
-0.2483359762 1.0323909320 0.0089785281
-0.2445089445 1.0278838802 0.0140897599
-0.2406819016 1.0346502200 0.0180060978
-0.2368548699 1.0350820095 0.0098042433
-0.2330278382 1.0330195717 0.0124663748
-0.2292007953 1.0300735563 0.0111443201
-0.2253737636 1.0132831942 0.0204398377
-0.2215467207 1.0265134623 0.0167390552
-0.2177196890 1.0465979326 0.0175230473
-0.2138926573 1.0184487684 0.0217722578
-0.2100656144 1.0488654696 0.0121989380
-0.2062385827 1.0214377962 0.0128110409
-0.2024115399 1.0128560337 0.0128228675
-0.1985845082 1.0139421313 0.0148724858
-0.1947574764 1.0497904556 0.0212269941
-0.1909304336 1.0245631925 0.0159235972
-0.1871034019 1.0268188367 0.0210096389
-0.1832763702 1.0057511989 0.0162083830
-0.1794493273 1.0062404832 0.0062824494
-0.1756222956 1.0323930308 0.0067844769
-0.1717952527 1.0488436119 0.0163674166
-0.1679682210 1.0393745587 0.0133788560
-0.1641411893 1.0346039232 0.0143066081
-0.1603141464 1.0530070749 0.0176544378
-0.1564871147 0.9990443248 0.0175815937
-0.1526600718 1.0096235527 0.0100115212
-0.1488330401 1.0092941678 0.0124870157
-0.1450060084 1.0048474534 0.0171628437
-0.1411789656 0.9589832271 0.0149880478
-0.1373519339 1.0103723574 0.0128239936
-0.1335248910 1.0058403253 0.0134836938
-0.1296978593 1.0106227921 0.0128547619
-0.1258708276 0.9921777809 0.0094603755
-0.1220437847 1.0229345220 0.0131769663
-0.1182167530 1.0060171529 0.0136131423
-0.1143897101 1.0128395058 0.0167928109
-0.1105626784 0.9926842646 0.0092808938
-0.1067356467 0.9872618536 0.0139072411
-0.1029086038 0.9940453242 0.0101556781
-0.0990815721 1.0021946662 0.0176337046
-0.0952545293 1.0344533305 0.0121841185
-0.0914274976 0.9998942019 0.0148120754
-0.0876004659 1.0099124307 0.0207053716
-0.0837734230 1.0118314253 0.0157749824
-0.0799463913 0.9975343533 0.0086985197
-0.0761193484 0.9784221220 0.0175946958
-0.0722923167 0.9968146604 0.0162703977
-0.0684652850 0.9999242075 0.0140106645
-0.0646382421 1.0153316316 0.0148995726
-0.0608112104 1.0245439852 0.0207169559
-0.0569841787 1.0079205733 0.0171365948
-0.0531571358 0.9915662173 0.0140872520
-0.0493301041 0.9921012800 0.0167606579
-0.0455030613 0.9913774611 0.0145182046
-0.0416760296 0.9822066492 0.0164268580
-0.0378489979 1.0024272728 0.0181085749
-0.0340219550 0.9877805876 0.0125969726
-0.0301949233 1.0213067583 0.0149532450
-0.0263678804 0.9882267446 0.0177980691
-0.0225408487 0.9987712642 0.0189235864
-0.0187138170 1.0106505448 0.0125885303
-0.0148867741 1.0001879483 0.0128351653
-0.0110597424 0.9839393061 0.0091669969
-0.0072326995 1.0086503519 0.0125609946
-0.0034056678 1.0270580334 0.0138852518
0.0004213639 1.0115219416 0.0154977941
0.0042484067 1.0134668316 0.0113912294
0.0080754384 0.9969304375 0.0176460156
0.0119024813 0.9823838556 0.0106723102
0.0157295130 1.0264465717 0.0218277841
0.0195565447 0.9876783301 0.0123172196
0.0233835876 0.9654083323 0.0160998797
0.0272106193 0.9869297724 0.0195152229
0.0310376510 1.0006100142 0.0123912249
0.0348646939 0.9437999054 0.0100813967
0.0386917256 0.9949927619 0.0185076432
0.0425187685 0.9375965657 0.0254537415
0.0463458002 0.9965873609 0.0201313330
0.0501728319 0.9333735947 0.0120991725
0.0539998747 0.9952800804 0.0116927558
0.0578269064 0.9745984265 0.0149400997
0.0616539493 0.9892957199 0.0133260500
0.0654809810 1.0174751283 0.0123569755
0.0693080127 0.9803621000 0.0180582212
0.0731350556 1.0100173474 0.0140833183
0.0769620873 1.0260764240 0.0149903064
0.0807891302 1.0133346448 0.0096634244
0.0846161619 1.0027924760 0.0150449634
0.0884431936 0.9931039509 0.0162460957
0.0922702365 1.0230859453 0.0156491499
0.0960972682 0.9819898960 0.0085041878
0.0999243110 0.9980132727 0.0135041739
0.1037513427 1.0155431775 0.0136284255
0.1075783744 0.9605886669 0.0131372205
0.1114054173 0.9693025571 0.0119479660
0.1152324490 1.0127550026 0.0105485143
0.1190594919 0.9662850475 0.0071202583
0.1228865236 1.0244217998 0.0085187958
0.1267135553 0.9943273935 0.0181290315
0.1305405982 0.9881089308 0.0083993325
0.1343676299 0.9792940270 0.0181007495
0.1381946616 0.9474525771 0.0189736818
0.1420217045 1.0022018765 0.0138199053
0.1458487362 0.9555254401 0.0149069408
0.1496757790 1.0031842653 0.0143496804
0.1535028107 1.0112726325 0.0143534825
0.1573298424 0.9677538087 0.0095368747
0.1611568853 0.9822595823 0.0155294616
0.1649839170 1.0153411806 0.0144237230
0.1688109599 1.0154021674 0.0147500993
0.1726379916 1.0107176196 0.0169727650
0.1764650233 0.9839771930 0.0131071034
0.1802920662 0.9914898764 0.0133349633
0.1841190979 0.9742282563 0.0155445116
0.1879461408 0.9663493491 0.0136214116
0.1917731725 0.9657773405 0.0173533283
0.1956002042 1.0067155426 0.0145327344
0.1994272470 1.0153094636 0.0168377956
0.2032542787 0.9941286260 0.0111494077
0.2070813105 0.9962696770 0.0162543407
0.2109083533 1.0322259203 0.0214969568
0.2147353850 0.9910939299 0.0172038409
0.2185624279 1.0201619617 0.0221018727
0.2223894596 0.9716396486 0.0180240527
0.2262164913 0.9991339396 0.0160400795
0.2300435342 1.0024958781 0.0129466504
0.2338705659 0.9702925180 0.0206572454
0.2376976088 0.9741482104 0.0082413798
0.2415246405 0.9971709042 0.0101567747
0.2453516722 0.9754209962 0.0112880907
0.2491787151 1.0226107151 0.0176239806
0.2530057468 1.0098299900 0.0090380741
0.2568327785 1.0031864986 0.0191578777
0.2606598213 0.9770684510 0.0169017424
0.2644868530 1.0097295063 0.0150453247
0.2683138959 1.0144618843 0.0193094757
0.2721409276 0.9606187647 0.0152190876
0.2759679593 1.0020798403 0.0165887676
0.2797950022 0.9896412289 0.0205422970
0.2836220339 0.9755715388 0.0172831092
0.2874490768 1.0131285388 0.0110854302
0.2912761085 1.0000715547 0.0220984358
0.2951031402 0.9558220674 0.0163305962
0.2989301831 0.9719493403 0.0192473759
0.3027572148 0.9871297151 0.0200405179
0.3065842576 0.9623606417 0.0144603646
0.3104112893 0.9864496823 0.0166341048
0.3142383210 0.9690383357 0.0126917198
0.3180653639 1.0115040846 0.0216812783
0.3218923956 1.0068713528 0.0109207923
0.3257194273 0.9810393836 0.0176173122
0.3295464702 0.9695899347 0.0156423700
0.3333735019 1.0015904403 0.0186279029
0.3372005448 1.0270609313 0.0093595770
0.3410275765 0.9996814248 0.0134233494
0.3448546082 0.9878850709 0.0147183092
0.3486816511 1.0166364015 0.0185711947
0.3525086828 1.0365832446 0.0176221554
0.3563357256 1.0344058967 0.0126531152
0.3601627573 1.0036759861 0.0130771561
0.3639897890 1.0043616041 0.0120509485
0.3678168319 1.0088083493 0.0129430634
0.3716438636 1.0073566127 0.0167302079
0.3754709065 0.9703510342 0.0194334401
0.3792979382 0.9647597288 0.0066817784
0.3831249699 1.0092751918 0.0123361934
0.3869520128 0.9510895031 0.0173581228
0.3907790445 0.9799771327 0.0172179747
0.3946060762 0.9720241942 0.0135164898
0.3984331191 1.0012005671 0.0115484290
0.4022601508 0.9818202242 0.0186737486
0.4060871936 1.0166006822 0.0111032355
0.4099142253 0.9659392143 0.0126528162
0.4137412570 0.9740068571 0.0113124021
0.4175682999 1.0039828859 0.0093048865
0.4213953316 0.9966442717 0.0166959652
0.4252223745 1.0129974746 0.0190253108
0.4290494062 0.9916932138 0.0193679129
0.4328764379 0.9811571828 0.0193469309
0.4367034808 0.9856133938 0.0172908445
0.4405305125 1.0256160193 0.0064543632
0.4443575442 1.0023868345 0.0152385437
0.4481845871 1.0269538451 0.0142814835
0.4520116188 0.9734273214 0.0140357868
0.4558386616 0.9932826996 0.0185498423
0.4596656933 0.9972179977 0.0152683383
0.4634927250 1.0037082762 0.0151141755
0.4673197679 1.0036591953 0.0124971674
0.4711467996 1.0203056084 0.0139384152
0.4749738425 1.0233733227 0.0146076665
0.4788008742 1.0335454029 0.0173909156
0.4826279059 0.9887349142 0.0193670323
0.4864549488 0.9706232501 0.0195087249
0.4902819805 0.9827633655 0.0132529226
0.4941090122 1.0194646691 0.0181521973
0.4979360551 0.9819283777 0.0171401259
0.5017630868 1.0109999453 0.0165315212
0.5055901296 1.0117292172 0.0208667087
0.5094171613 0.9925494214 0.0206096777
0.5132441930 1.0146563867 0.0223150347
0.5170712359 0.9791703112 0.0136405204
0.5208982676 1.0173961773 0.0173626256
0.5247253105 1.0197027142 0.0120323662
0.5285523422 0.9836449801 0.0096248960
0.5323793739 0.9952019305 0.0116786854
0.5362064168 0.9905893788 0.0172315520
0.5400334485 0.9840224744 0.0212651897
0.5438604802 1.0172237573 0.0108065928
0.5476875231 1.0035024798 0.0109681748
0.5515145548 0.9867310440 0.0169046107
0.5553415976 0.9735957373 0.0115681722
0.5591686293 0.9848842703 0.0128149254
0.5629956611 0.9824154239 0.0118866526
0.5668227039 1.0178827205 0.0092734860
0.5706497356 0.9788728450 0.0163131541
0.5744767785 1.0269563090 0.0140795477
0.5783038102 1.0149409500 0.0151263540
0.5821308419 0.9937735567 0.0106322580
0.5859578848 0.9820631376 0.0181291248
0.5897849165 0.9905320691 0.0103370196
0.5936119482 0.9916874522 0.0143488315
0.5974389911 1.0053611429 0.0183167307
0.6012660228 1.0132390279 0.0093005074
0.6050930656 0.9917381413 0.0218248684
0.6089200974 0.9669135297 0.0119489847
0.6127471291 0.9841764052 0.0143308747
0.6165741719 1.0232932597 0.0145614740
0.6204012036 0.9875201997 0.0183825805
0.6242282353 1.0046045281 0.0186952519
0.6280552782 1.0176118635 0.0104362777
0.6318823099 0.9954804572 0.0128585025
0.6357093528 1.0160637437 0.0110202858
0.6395363845 1.0370801208 0.0103646292
0.6433634162 1.0052585651 0.0094737167
0.6471904591 1.0267710199 0.0121081200
0.6510174908 0.9573132488 0.0172030970
0.6548445337 0.9843980909 0.0095514482
0.6586715654 0.9960351973 0.0140085189
0.6624985971 1.0277032493 0.0137133718
0.6663256399 0.9934735812 0.0293934029
0.6701526716 0.9863542752 0.0102073223
0.6739797033 1.0190131741 0.0213646935
0.6778067462 0.9898339813 0.0103389107
0.6816337779 1.0075368141 0.0171474833
0.6854608208 1.0297372632 0.0182062189
0.6892878525 0.9854027396 0.0179215002
0.6931148842 0.9732372129 0.0142651883
0.6969419271 0.9836254539 0.0141858572
0.7007689588 1.0020450208 0.0182304110
0.7045959905 1.0044705323 0.0228639990
0.7084230334 0.9985898449 0.0121344503
0.7122500651 0.9944484634 0.0145832480
0.7160771079 0.9896368346 0.0116642089
0.7199041396 1.0118538174 0.0107707101
0.7237311713 1.0047712735 0.0224878879
0.7275582142 0.9799442661 0.0107043560
0.7313852459 1.0197313974 0.0067861134
0.7352122888 1.0033455613 0.0150453040
0.7390393205 1.0079361592 0.0119707584
0.7428663522 1.0022723636 0.0155062171
0.7466933951 1.0074729264 0.0150071764
0.7505204268 1.0049876971 0.0228855851
0.7543474585 0.9725258979 0.0152869456
0.7581745014 1.0157699979 0.0118829455
0.7620015331 0.9932197967 0.0130306281
0.7658285759 0.9808208430 0.0156046690
0.7696556076 1.0197699174 0.0142255002
0.7734826393 1.0213380468 0.0145312386
0.7773096822 0.9938854972 0.0127204338
0.7811367139 0.9923179655 0.0121921579
0.7849637456 1.0354443397 0.0122623283
0.7887907885 0.9987455895 0.0140750987
0.7926178202 0.9746465760 0.0130866923
0.7964448631 1.0111837824 0.0122439069
0.8002718948 1.0428590990 0.0136777869
0.8040989265 0.9894277446 0.0172377462
0.8079259694 0.9929506259 0.0186570396
0.8117530011 0.9928390509 0.0206809088
0.8155800328 1.0060038975 0.0109755146
0.8194070756 1.0165477476 0.0115368393
0.8232341073 1.0097007670 0.0114084748
0.8270611502 1.0118057343 0.0094474847
0.8308881819 0.9986125749 0.0133155184
0.8347152136 0.9935395708 0.0128658692
0.8385422565 0.9959573023 0.0180068211
0.8423692882 0.9878303519 0.0098145780
0.8461963311 1.0006002383 0.0135593085
0.8500233628 0.9912116360 0.0061813543
0.8538503945 0.9675754191 0.0166631702
0.8576774374 0.9841966661 0.0132881758
0.8615044691 0.9999720464 0.0196057793
0.8653315008 1.0107661452 0.0152578739
0.8691585436 0.9952135204 0.0114165521
0.8729855753 0.9982306132 0.0156385703
0.8768126182 1.0154000117 0.0168535632
0.8806396499 1.0116937854 0.0101633623
0.8844666816 1.0144309353 0.0095786181
0.8882937245 0.9931284955 0.0144597116
0.8921207562 0.9986556728 0.0060192107
0.8959477879 0.9900273860 0.0088853523
0.8997748308 1.0189874856 0.0108501246
0.9036018625 0.9716250709 0.0210610842
0.9074289054 1.0080164983 0.0120235613
0.9112559371 1.0288133596 0.0120117145
0.9150829688 0.9900230652 0.0072606941
0.9189100116 0.9990807171 0.0161239791
0.9227370434 1.0048979250 0.0156544326
0.9265640751 1.0037190915 0.0177869935
0.9303911179 0.9641249084 0.0119904885
0.9342181496 1.0271373241 0.0170746461
0.9380451925 0.9897155252 0.0183328919
0.9418722242 1.0003776207 0.0091970275
0.9456992559 1.0109367042 0.0118129756
0.9495262988 1.0032670664 0.0204498849
0.9533533305 0.9675859760 0.0209399200
0.9571803622 0.9850571251 0.0146577879
0.9610074051 1.0284780802 0.0095700222
0.9648344368 0.9970302193 0.0213297546
0.9686614797 1.0022584609 0.0137892327
0.9724885114 0.9724296820 0.0137201224
0.9763155431 0.9731888612 0.0163260535
0.9801425859 1.0003978658 0.0105856594
0.9839696176 1.0210966381 0.0212689058
0.9877966493 1.0234573945 0.0098828199
0.9916236922 0.9877889747 0.0172453499
0.9954507239 0.9791777105 0.0147506710
0.9992777668 0.9341747519 0.0172228953
1.0031047985 1.0015094599 0.0108284737
1.0069318302 0.9936714490 0.0161849026
1.0107588731 0.9671310356 0.0153102509
1.0145859048 1.0038511572 0.0171135464
1.0184129365 0.9800362851 0.0125081441
1.0222399794 0.9761888920 0.0156455444
1.0260670111 0.9644588604 0.0136632158
1.0298940539 0.9673413291 0.0093685282
1.0337210856 0.9809237437 0.0113772497
1.0375481173 1.0108758767 0.0117462807
1.0413751602 0.9663046565 0.0081216839
1.0452021919 1.0080709010 0.0135710117
1.0490292236 0.9893740418 0.0180194230
1.0528562665 1.0202823371 0.0123044446
1.0566832982 0.9846570431 0.0106317508
1.0605103411 1.0123542007 0.0136986521
1.0643373728 1.0222485527 0.0162094831
1.0681644045 0.9761816232 0.0160513122
1.0719914474 0.9776369753 0.0085635460
1.0758184791 0.9749213823 0.0183357488
1.0796455219 0.9695273901 0.0092707868
1.0834725536 0.9807527734 0.0199915004
1.0872995853 0.9872791206 0.0099731284
1.0911266282 0.9802656372 0.0189966540
1.0949536599 1.0290894684 0.0106422940
1.0987806916 0.9819312470 0.0082819487
1.1026077345 1.0390984132 0.0111032684
1.1064347662 1.0089032872 0.0135737962
1.1102617979 0.9610932483 0.0133349406
1.1140888408 0.9692292898 0.0099941921
1.1179158725 0.9683409497 0.0187838088
1.1217429154 1.0233389744 0.0147227668
1.1255699471 0.9783560974 0.0110319471
1.1293969788 1.0105860491 0.0135397275
1.1332240216 1.0167811064 0.0132634114
1.1370510533 1.0103194666 0.0107483124
1.1408780850 1.0066291833 0.0147316223
1.1447051279 1.0017738728 0.0116620473
1.1485321596 0.9849527175 0.0184209529
1.1523592025 0.9939664892 0.0139416363
1.1561862342 1.0133854542 0.0174283209
1.1600132659 0.9889682362 0.0135464135
1.1638403088 0.9997898032 0.0165222106
1.1676673405 1.0189812116 0.0170248896
1.1714943722 0.9933004742 0.0124492313
1.1753214151 0.9827962307 0.0110757338
1.1791484468 1.0044149888 0.0132105881
1.1829754896 0.9889706989 0.0082278096
1.1868025213 1.0211757113 0.0141372287
1.1906295530 0.9981761265 0.0054206682
1.1944565959 1.0172360655 0.0102945715
1.1982836276 0.9984675428 0.0148546773
1.2021106593 1.0034979014 0.0133194619
1.2059377022 0.9927260079 0.0095687281
1.2097647339 1.0278217867 0.0186099112
1.2135917768 0.9960290430 0.0176679415
1.2174188085 0.9827798622 0.0106017234
1.2212458402 0.9560405167 0.0130303716
1.2250728831 0.9984894290 0.0151027112
1.2288999148 0.9967893947 0.0197079987
1.2327269465 0.9843873712 0.0139407292
1.2365539894 0.9798032062 0.0129551017
1.2403810211 0.9732235554 0.0169140356
1.2442080639 0.9854091647 0.0112068351
1.2480350956 0.9754561326 0.0144384450
1.2518621273 0.9677965738 0.0130157002
1.2556891702 0.9673288892 0.0235287017
1.2595162019 0.9691940643 0.0099250747
1.2633432336 0.9886838782 0.0102320544
1.2671702765 0.9755830965 0.0224853073
1.2709973082 1.0368415869 0.0196141173
1.2748243511 0.9922683378 0.0113319567
1.2786513828 1.0013414030 0.0117008100
1.2824784145 0.9831653367 0.0139853037
1.2863054574 0.9887551795 0.0078859162
1.2901324891 1.0040877139 0.0078027426
1.2939595208 1.0114168797 0.0114981701
1.2977865636 1.0075931454 0.0169105148
1.3016135953 0.9558002275 0.0195893374
1.3054406270 1.0120914903 0.0152531369
1.3092676699 0.9651253643 0.0126016637
1.3130947016 0.9758130178 0.0137216512
1.3169217445 1.0059547954 0.0154113904
1.3207487762 0.9607026428 0.0165731805
1.3245758079 0.9672034562 0.0099998183
1.3284028508 0.9787802680 0.0157398357
1.3322298825 1.0117509760 0.0178331640
1.3360569142 0.9973307506 0.0104138781
1.3398839571 1.0309756666 0.0163334711
1.3437109888 1.0317681511 0.0140744453
1.3475380316 0.9947352897 0.0130508499
1.3513650633 0.9933596641 0.0106420550
1.3551920950 1.0231138426 0.0150261899
1.3590191379 0.9830679728 0.0177348178
1.3628461696 0.9840007726 0.0092717714
1.3666732013 0.9837146926 0.0132825628
1.3705002442 1.0036316752 0.0112287136
1.3743272759 0.9711260099 0.0084015813
1.3781543188 0.9863646117 0.0178888938
1.3819813505 1.0048527578 0.0134028523
1.3858083822 0.9908365965 0.0120999755
1.3896354251 0.9975261972 0.0162799121
1.3934624568 1.0026905124 0.0101096184
1.3972894885 0.9922674329 0.0239356303
1.4011165313 1.0112326489 0.0128920365
1.4049435630 0.9843267881 0.0130706595
1.4087705947 0.9902186643 0.0096931716
1.4125976376 0.9777307487 0.0139102159
1.4164246693 0.9741673182 0.0135108839
1.4202517122 0.9961228793 0.0110421389
1.4240787439 0.9765602692 0.0218774980
1.4279057756 1.0311344092 0.0162132278
1.4317328185 0.9756465856 0.0147493290
1.4355598502 0.9853438038 0.0205374643
1.4393868819 0.9995856511 0.0151317197
1.4432139248 1.0154713181 0.0121716911
1.4470409565 1.0111244617 0.0182778205
1.4508679993 0.9964873873 0.0140348047
1.4546950310 1.0204462195 0.0141931634
1.4585220627 0.9989150312 0.0228581481
1.4623491056 1.0291526856 0.0221287612
1.4661761373 1.0169225421 0.0154130455
1.4700031690 1.0052997009 0.0139363884
1.4738302119 0.9960695197 0.0130884852
1.4776572436 1.0085881766 0.0128908705
1.4814842753 1.0041654914 0.0049522033
1.4853113182 1.0051418403 0.0162456952
1.4891383499 1.0167013505 0.0172042950
1.4929653928 1.0108487667 0.0192540316
1.4967924245 0.9818775639 0.0095825989
1.5006194562 0.9913281625 0.0167789231
1.5044464990 0.9797057027 0.0172040046
1.5082735308 0.9915629633 0.0076607583
1.5121005625 0.9807511825 0.0103575279
1.5155448988 1.0019599139 0.0120133655
