-2.4340565242 0.9803347341 0.0151683145
-2.4302294143 1.0073193984 0.0183959418
-2.4264023043 0.9765874989 0.0152007810
-2.4225751944 0.9963496200 0.0164641817
-2.4187480845 0.9910274195 0.0148097281
-2.4149209745 1.0069172750 0.0094255286
-2.4110938758 1.0079598845 0.0168552351
-2.4072667658 1.0157259191 0.0145993635
-2.4034396559 1.0043600070 0.0161579553
-2.3996125460 0.9870885180 0.0102182469
-2.3957854360 1.0129529789 0.0099615336
-2.3919583261 1.0170106006 0.0187488060
-2.3881312162 1.0434884157 0.0132557962
-2.3843041062 1.0202041610 0.0082860714
-2.3804769963 0.9971939494 0.0180116187
-2.3766498864 1.0000012374 0.0154206416
-2.3728227764 1.0215355151 0.0140164701
-2.3689956665 1.0303261884 0.0215846531
-2.3651685566 1.0055638719 0.0124291243
-2.3613414466 1.0335983091 0.0132751708
-2.3575143367 0.9709827179 0.0092864888
-2.3536872268 0.9950787001 0.0124903637
-2.3498601168 1.0171753025 0.0171953620
-2.3460330069 1.0075023403 0.0167455052
-2.3422058970 0.9896632929 0.0146300170
-2.3383787982 1.0124961312 0.0105048155
-2.3345516883 0.9771540142 0.0131942089
-2.3307245784 0.9884069520 0.0185976826
-2.3268974684 0.9908115508 0.0194560191
-2.3230703585 0.9904444965 0.0188339537
-2.3192432486 0.9887952511 0.0199441486
-2.3154161386 1.0175668982 0.0232524707
-2.3115890287 1.0326848631 0.0188415863
-2.3077619188 0.9996954182 0.0085735170
-2.3039348088 1.0230338569 0.0152554985
-2.3001076989 1.0086634691 0.0143231936
-2.2962805890 0.9755818567 0.0175673943
-2.2924534790 0.9909863030 0.0124399827
-2.2886263691 1.0568221534 0.0232947053
-2.2847992592 1.0175154097 0.0181607466
-2.2809721492 1.0083023862 0.0148181367
-2.2771450393 0.9826742158 0.0154473452
-2.2733179294 1.0203902149 0.0226109468
-2.2694908306 1.0067159483 0.0115510302
-2.2656637207 1.0097700244 0.0185702107
-2.2618366107 1.0057129062 0.0104137671
-2.2580095008 1.0261961201 0.0149808530
-2.2541823909 1.0174202266 0.0141259042
-2.2503552809 1.0139344807 0.0179466405
-2.2465281710 0.9816433063 0.0102668177
-2.2427010611 1.0064631512 0.0155923935
-2.2388739511 1.0229015070 0.0193854732
-2.2350468412 1.0084000980 0.0193096939
-2.2312197313 1.0019644413 0.0165972677
-2.2273926213 0.9909368344 0.0099602145
-2.2235655114 0.9858887618 0.0166101413
-2.2197384015 1.0283327073 0.0152507509
-2.2159112915 1.0159471481 0.0135911166
-2.2120841816 1.0418157434 0.0093611985
-2.2082570717 1.0175129529 0.0196496086
-2.2044299617 1.0050579727 0.0154882656
-2.2006028630 1.0226345872 0.0172524289
-2.1967757531 0.9840615723 0.0139680878
-2.1929486431 0.9901494747 0.0142255971
-2.1891215332 0.9975122673 0.0106072973
-2.1852944233 1.0221355813 0.0170180581
-2.1814673133 0.9922990619 0.0107835230
-2.1776402034 1.0534820275 0.0119114832
-2.1738130935 1.0048174498 0.0189808205
-2.1699859835 0.9905904096 0.0193611632
-2.1661588736 1.0099413117 0.0182353701
-2.1623317637 1.0217414603 0.0114319963
-2.1585046537 1.0251092189 0.0128369091
-2.1546775438 1.0233957728 0.0159072145
-2.1508504339 0.9638229705 0.0153310113
-2.1470233239 0.9767902708 0.0156194032
-2.1431962140 1.0046802821 0.0088132673
-2.1393691041 1.0011988521 0.0083177576
-2.1355420053 0.9766746784 0.0135313934
-2.1317148954 1.0341590973 0.0161379236
-2.1278877854 1.0144808755 0.0182858575
-2.1240606755 0.9907409147 0.0116519595
-2.1202335656 1.0127999967 0.0163063866
-2.1164064556 1.0124383492 0.0113450912
-2.1125793457 0.9907864327 0.0117840683
-2.1087522358 1.0030733903 0.0155183470
-2.1049251258 1.0042587123 0.0158287715
-2.1010980159 0.9730060330 0.0181742817
-2.0972709060 1.0089034475 0.0086893756
-2.0934437960 0.9980755524 0.0083523073
-2.0896166861 0.9856722601 0.0197654714
-2.0857895762 1.0101243440 0.0185372878
-2.0819624662 1.0243977187 0.0076500179
-2.0781353563 0.9883018308 0.0149444695
-2.0743082464 1.0162550744 0.0182911506
-2.0704811364 0.9955813892 0.0170383068
-2.0666540265 0.9977341673 0.0138829318
-2.0628269278 0.9888493706 0.0088129191
-2.0589998178 1.0243614174 0.0111382049
-2.0551727079 1.0187760434 0.0162554434
-2.0513455980 0.9628431540 0.0183687766
-2.0475184880 1.0071417408 0.0074043309
-2.0436913781 0.9947015337 0.0109661041
-2.0398642682 1.0052862552 0.0092880089
-2.0360371582 1.0174119993 0.0109854164
-2.0322100483 0.9852459146 0.0160490868
-2.0283829384 1.0421505843 0.0153120506
-2.0245558284 1.0043045533 0.0127244934
-2.0207287185 0.9882737272 0.0091614974
-2.0169016086 1.0021429678 0.0145851527
-2.0130744986 1.0007870134 0.0139810994
-2.0092473887 0.9909370480 0.0124199204
-2.0054202788 0.9891786316 0.0142647573
-2.0015931688 0.9704208087 0.0135222263
-1.9977660701 0.9899680858 0.0112450059
-1.9939389601 1.0009798308 0.0133467219
-1.9901118502 0.9822587774 0.0170389831
-1.9862847403 0.9740473599 0.0129631636
-1.9824576303 0.9918639554 0.0202913386
-1.9786305204 1.0417141172 0.0188575308
-1.9748034105 1.0074726897 0.0122172691
-1.9709763005 0.9869767778 0.0119598577
-1.9671491906 0.9839404081 0.0203790313
-1.9633220807 0.9802929511 0.0156136579
-1.9594949707 1.0047107790 0.0118516095
-1.9556678608 0.9884944509 0.0227521885
-1.9518407509 0.9843592169 0.0077445523
-1.9480136409 1.0068230501 0.0144570650
-1.9441865310 1.0083188151 0.0110002845
-1.9403594211 0.9960875736 0.0163108492
-1.9365323111 1.0328975547 0.0172638371
-1.9327052012 0.9760884325 0.0156679608
-1.9288781025 0.9773206634 0.0257261693
-1.9250509925 1.0297772165 0.0173452760
-1.9212238826 1.0132289521 0.0134195773
-1.9173967727 0.9746184441 0.0221802845
-1.9135696627 0.9945626930 0.0239853632
-1.9097425528 1.0156105442 0.0125652019
-1.9059154429 0.9622250846 0.0124160986
-1.9020883329 0.9873929172 0.0112893432
-1.8982612230 0.9899871303 0.0165915713
-1.8944341131 1.0172503948 0.0139165030
-1.8906070031 1.0132775473 0.0159790384
-1.8867798932 1.0325325130 0.0204438277
-1.8829527833 1.0005413565 0.0149025162
-1.8791256733 0.9767420239 0.0188872581
-1.8752985634 0.9969480707 0.0165279838
-1.8714714535 1.0020082759 0.0170923682
-1.8676443435 1.0176979819 0.0178148354
-1.8638172448 0.9796837887 0.0132465485
-1.8599901348 1.0260943189 0.0194266952
-1.8561630249 1.0267877487 0.0099825799
-1.8523359150 1.0009920957 0.0090195267
-1.8485088050 0.9976284459 0.0110165487
-1.8446816951 1.0145035669 0.0145836572
-1.8408545852 1.0096543023 0.0125492679
-1.8370274752 0.9959385411 0.0137312024
-1.8332003653 1.0209376509 0.0176697062
-1.8293732554 1.0241400816 0.0131166910
-1.8255461454 0.9855190382 0.0124467127
-1.8217190355 1.0029917501 0.0139343224
-1.8178919256 1.0088210231 0.0191608655
-1.8140648156 0.9864871518 0.0184536773
-1.8102377057 0.9710851359 0.0144998476
-1.8064105958 1.0019175417 0.0206339880
-1.8025834858 0.9711368254 0.0188520047
-1.7987563871 0.9675077152 0.0212242698
-1.7949292772 1.0416118222 0.0152674809
-1.7911021672 1.0286373302 0.0146129876
-1.7872750573 0.9965651216 0.0104991985
-1.7834479474 0.9814939058 0.0105104334
-1.7796208374 0.9955756694 0.0187884684
-1.7757937275 1.0036891310 0.0144390669
-1.7719666176 0.9812033734 0.0080765516
-1.7681395076 0.9897122991 0.0102415867
-1.7643123977 0.9518583305 0.0134099257
-1.7604852878 0.9965339184 0.0166638214
-1.7566581778 1.0114953282 0.0134736302
-1.7528310679 1.0020729554 0.0138582843
-1.7490039580 0.9983279051 0.0123146230
-1.7451768480 1.0240772407 0.0158305060
-1.7413497381 0.9981196596 0.0114478819
-1.7375226282 0.9856063949 0.0154670166
-1.7336955294 1.0152675737 0.0102516830
-1.7298684195 1.0310496390 0.0111287320
-1.7260413095 1.0192150315 0.0150388035
-1.7222141996 0.9790210361 0.0139820827
-1.7183870897 0.9942474232 0.0158952847
-1.7145599797 1.0055220381 0.0093005907
-1.7107328698 1.0092424965 0.0145621024
-1.7069057599 1.0435903570 0.0174745862
-1.7030786499 0.9802140956 0.0166366006
-1.6992515400 0.9894869596 0.0136831587
-1.6954244301 1.0002654926 0.0104815796
-1.6915973201 1.0020964188 0.0146138997
-1.6877702102 1.0113648159 0.0145558515
-1.6839431003 1.0207082748 0.0118701149
-1.6801159903 0.9940807531 0.0119734625
-1.6762888804 0.9646255909 0.0233049307
-1.6724617705 0.9654539315 0.0115695016
-1.6686346605 1.0076452476 0.0126927656
-1.6648075618 0.9907331119 0.0143973035
-1.6609804519 0.9905059703 0.0072878785
-1.6571533419 0.9925628307 0.0196919147
-1.6533262320 0.9629152187 0.0155334031
-1.6494991221 0.9816376039 0.0128525138
-1.6456720121 1.0396093208 0.0141745502
-1.6418449022 0.9558862377 0.0137199900
-1.6380177923 1.0149340283 0.0114762465
-1.6341906823 0.9939778009 0.0137371202
-1.6303635724 1.0015903706 0.0136023100
-1.6265364625 1.0022704642 0.0150835009
-1.6227093525 1.0128233669 0.0219393884
-1.6188822426 1.0165945396 0.0091304593
-1.6150551327 1.0042244430 0.0143916181
-1.6112280227 1.0001678421 0.0104978705
-1.6074009128 1.0098558806 0.0092726040
-1.6035738140 1.0208353174 0.0106158733
-1.5997467041 1.0110885142 0.0085698139
-1.5959195942 1.0018549797 0.0137276062
-1.5920924842 1.0086424328 0.0151329522
-1.5882653743 1.0137923342 0.0142050034
-1.5844382644 0.9767787954 0.0151966274
-1.5806111544 0.9991926954 0.0163745258
-1.5767840445 1.0074154996 0.0134222988
-1.5729569346 1.0190715983 0.0105332552
-1.5691298246 0.9817698568 0.0139194088
-1.5653027147 0.9769817513 0.0130476758
-1.5614756048 1.0153811494 0.0114075220
-1.5576484948 0.9530877445 0.0171982370
-1.5538213849 0.9862538150 0.0060306945
-1.5499942750 0.9822718605 0.0210786103
-1.5461671650 1.0082715197 0.0231765268
-1.5423400551 1.0067419758 0.0158675991
-1.5385129564 1.0122023512 0.0101880522
-1.5346858464 1.0183995895 0.0118670850
-1.5308587365 0.9904844190 0.0136003423
-1.5270316266 1.0158506971 0.0208704168
-1.5232045166 0.9911034384 0.0140265547
-1.5193774067 1.0025059346 0.0136054636
-1.5155502968 1.0015413899 0.0162172480
-1.5117231868 1.0193748670 0.0126680232
-1.5078960769 0.9667533078 0.0120752919
-1.5040689670 0.9478638434 0.0128022827
-1.5002418570 1.0016082627 0.0170598489
-1.4964147471 1.0155091004 0.0138569526
-1.4925876372 0.9720429469 0.0112348272
-1.4887605272 1.0315143914 0.0160718996
-1.4849334173 1.0136146414 0.0169761630
-1.4811063074 1.0091895267 0.0142552909
-1.4772791974 1.0185043952 0.0162438588
-1.4734520987 1.0009823016 0.0134965916
-1.4696249887 1.0042599813 0.0123421071
-1.4657978788 0.9623645155 0.0104928180
-1.4619707689 1.0000039260 0.0148213790
-1.4581436589 0.9938295671 0.0053488614
-1.4543165490 1.0163484317 0.0174445296
-1.4504894391 1.0068974464 0.0155792852
-1.4466623291 0.9950083092 0.0162060127
-1.4428352192 0.9480526332 0.0197550986
-1.4390081093 0.9812222874 0.0130427575
-1.4351809993 1.0242787858 0.0136136147
-1.4313538894 0.9932368138 0.0169034360
-1.4275267795 0.9870304718 0.0097163473
-1.4236996695 1.0285088220 0.0127208428
-1.4198725596 1.0006341898 0.0139029023
-1.4160454497 1.0650475932 0.0114669289
-1.4122183397 0.9981688134 0.0101294600
-1.4083912410 0.9746972792 0.0165501615
-1.4045641311 0.9802042322 0.0199020517
-1.4007370211 1.0385288953 0.0177661791
-1.3969099112 0.9740242737 0.0112958775
-1.3930828013 1.1118320239 0.0664084693
-1.3892556913 1.2215094850 0.0148356036
-1.3854285814 1.1164174615 0.0208594803
-1.3816014715 1.1116764048 0.0120452127
-1.3777743615 1.1106728086 0.0098070582
-1.3739472516 1.0817169483 0.0207358632
-1.3701201417 1.0569734439 0.0180751362
-1.3662930317 1.0688807616 0.0109945905
-1.3624659218 1.0656824561 0.0170617742
-1.3586388119 1.0607164647 0.0114379455
-1.3548117019 1.0393991826 0.0136829943
-1.3509845920 1.0391329293 0.0151604397
-1.3471574932 1.0279901548 0.0179269450
-1.3433303833 1.0414535728 0.0094511003
-1.3395032734 1.0562416345 0.0156335870
-1.3356761634 1.0547264807 0.0141131281
-1.3318490535 1.0014026480 0.0183048526
-1.3280219436 1.0178026456 0.0079151531
-1.3241948336 1.0238781853 0.0212178897
-1.3203677237 1.0424008496 0.0095063745
-1.3165406138 1.0087988459 0.0083406179
-1.3127135038 1.0237924778 0.0117546096
-1.3088863939 1.0374270417 0.0234200915
-1.3050592840 1.0176741171 0.0145631235
-1.3012321740 1.0116265892 0.0167021409
-1.2974050641 1.0390208481 0.0195252549
-1.2935779542 1.0220587622 0.0142946325
-1.2897508442 1.0362954773 0.0158716792
-1.2859237455 1.0196408960 0.0149841065
-1.2820966356 1.0166027081 0.0114573035
-1.2782695256 1.0479576687 0.0151924420
-1.2744424157 1.0195113980 0.0179042908
-1.2706153058 1.0102605967 0.0128476560
-1.2667881958 0.9988829654 0.0171934979
-1.2629610859 0.9829843772 0.0162284378
-1.2591339760 1.0384675328 0.0201114595
-1.2553068660 1.0195190036 0.0154924915
-1.2514797561 1.0230212501 0.0072833622
-1.2476526462 1.0146749341 0.0137597669
-1.2438255362 1.0443771522 0.0120571822
-1.2399984263 1.0200227511 0.0177030719
-1.2361713164 1.0362381877 0.0199335670
-1.2323442064 1.0179035101 0.0154656728
-1.2285170965 1.0461997001 0.0126533911
-1.2246899866 1.0146171331 0.0189050863
-1.2208628878 1.0367575956 0.0140205627
-1.2170357779 0.9826061189 0.0137296682
-1.2132086679 0.9733347346 0.0127076732
-1.2093815580 1.0065568145 0.0130075904
-1.2055544481 1.0281605384 0.0165034437
-1.2017273381 0.9789041208 0.0185048423
-1.1979002282 1.0230054575 0.0091049111
-1.1940731183 1.0021525291 0.0196804777
-1.1902460083 1.0179033868 0.0104642546
-1.1864188984 1.0131750829 0.0121957381
-1.1825917885 0.9876448220 0.0148329058
-1.1787646785 1.0208368947 0.0176025882
-1.1749375686 1.0298147394 0.0144442411
-1.1711104587 0.9801394665 0.0150137505
-1.1672833487 1.0092075005 0.0133108706
-1.1634562388 0.9786444238 0.0098169581
-1.1596291400 0.9809931878 0.0087828265
-1.1558020301 1.0267323526 0.0149174973
-1.1519749202 1.0103257584 0.0163540600
-1.1481478103 1.0088446291 0.0163450619
-1.1443207003 0.9892000471 0.0171545135
-1.1404935904 0.9920180756 0.0166885886
-1.1366664805 1.0237564331 0.0114156993
-1.1328393705 0.9921852544 0.0138675092
-1.1290122606 0.9970551065 0.0179994836
-1.1251851507 0.9827800710 0.0182216331
-1.1213580407 1.0061892325 0.0190604400
-1.1175309308 0.9852772645 0.0138906680
-1.1137038209 1.0136738671 0.0116809004
-1.1098767109 0.9847458664 0.0154085383
-1.1060496010 0.9912136944 0.0182494011
-1.1022224911 1.0061484442 0.0104109483
-1.0983953923 1.0108371814 0.0133249615
-1.0945682824 0.9672931871 0.0229766689
-1.0907411724 1.0249879342 0.0141281153
-1.0869140625 1.0086879999 0.0172400139
-1.0830869526 1.0515440026 0.0132427695
-1.0792598426 1.0388850539 0.0090903461
-1.0754327327 0.9712571148 0.0135067434
-1.0716056228 0.9902346655 0.0171649109
-1.0677785128 1.0262074681 0.0125643364
-1.0639514029 0.9909089958 0.0149778562
-1.0601242930 0.9919692006 0.0130709583
-1.0562971830 1.0145106008 0.0138516459
-1.0524700731 1.0385157850 0.0104092884
-1.0486429632 0.9988568569 0.0154176766
-1.0448158532 0.9989894933 0.0097836984
-1.0409887433 1.0167312384 0.0098377521
-1.0371616445 1.0070998140 0.0106250592
-1.0333345346 1.0042009052 0.0192358197
-1.0295074247 0.9834719640 0.0106749122
-1.0256803147 0.9591006515 0.0227523357
-1.0218532048 1.0037948695 0.0221042611
-1.0180260949 0.9752783670 0.0084364914
-1.0141989850 1.0140914778 0.0212591000
-1.0103718750 1.0097912107 0.0118453149
-1.0065447651 1.0130095630 0.0158783166
-1.0027176552 1.0138937037 0.0049095825
-0.9988905452 0.9823842361 0.0169463166
-0.9950634353 1.0316827715 0.0163538547
-0.9912363254 1.0157699911 0.0182272827
-0.9874092154 0.9923975401 0.0154564950
-0.9835821055 0.9794826408 0.0231738965
-0.9797549956 0.9852361377 0.0139984660
-0.9759278968 0.9761419074 0.0228311464
-0.9721007869 0.9538660572 0.0144898651
-0.9682736769 1.0076535236 0.0120777154
-0.9644465670 1.0016251857 0.0062942371
-0.9606194571 0.9856691314 0.0118136018
-0.9567923471 1.0040328638 0.0158532453
-0.9529652372 0.9840101255 0.0142134961
-0.9491381273 0.9922838427 0.0134733513
-0.9453110173 0.9854384422 0.0098764678
-0.9414839074 1.0137219365 0.0172748311
-0.9376567975 1.0057169225 0.0206272661
-0.9338296875 1.0097986069 0.0092445189
-0.9300025776 1.0014480114 0.0146342441
-0.9261754677 0.9732409914 0.0122597390
-0.9223483577 0.9858773359 0.0225735448
-0.9185212478 1.0069954580 0.0129937162
-0.9146941490 0.9686997346 0.0078446448
-0.9108670391 1.0129148258 0.0117337871
-0.9070399292 1.0301909132 0.0180994882
-0.9032128192 1.0134355663 0.0184745851
-0.8993857093 0.9815793514 0.0217637666
-0.8955585994 1.0191062548 0.0179016977
-0.8917314894 1.0253929096 0.0174360327
-0.8879043795 1.0200814940 0.0135641065
-0.8840772696 0.9855047145 0.0169654565
-0.8802501597 1.0027608097 0.0131468527
-0.8764230497 1.0032558870 0.0168482219
-0.8725959398 1.0259952693 0.0100813740
-0.8687688299 1.0000345788 0.0121399174
-0.8649417199 1.0554826315 0.0168842229
-0.8611146100 1.0240057010 0.0198018383
-0.8572875112 0.9789250276 0.0189069914
-0.8534604013 1.0078546621 0.0106616989
-0.8496332914 1.0082325733 0.0161473019
-0.8458061814 1.0075286070 0.0089589290
-0.8419790715 1.0278773146 0.0139258415
-0.8381519616 1.0239874931 0.0079694411
-0.8343248516 1.0290416529 0.0063644551
-0.8304977417 0.9807612383 0.0138180746
-0.8266706318 1.0076099997 0.0197144296
-0.8228435218 0.9971641230 0.0106343390
-0.8190164119 1.0269346772 0.0103401461
-0.8151893020 1.0360321490 0.0213657343
-0.8113621920 0.9939513370 0.0110201861
-0.8075350821 0.9939477653 0.0190487546
-0.8037079722 1.0076827296 0.0159276888
-0.7998808622 1.0320029433 0.0147553500
-0.7960537635 0.9750589243 0.0083452311
-0.7922266535 1.0019182936 0.0130165051
-0.7883995436 0.9840773293 0.0161106254
-0.7845724337 0.9792794483 0.0202018136
-0.7807453237 1.0178570280 0.0171589519
-0.7769182138 1.0370723676 0.0157682555
-0.7730911039 1.0384983740 0.0160043231
-0.7692639939 1.0046519594 0.0113457815
-0.7654368840 0.9918605090 0.0122730134
-0.7616097741 0.9812906071 0.0182042276
-0.7577826641 1.0191253800 0.0224559104
-0.7539555542 1.0491302258 0.0162093917
-0.7501284443 1.0619442190 0.0165495938
-0.7463013344 1.0010397943 0.0122414023
-0.7424742244 0.9960819290 0.0066484471
-0.7386471257 1.0011167787 0.0158638346
-0.7348200157 1.0091467248 0.0080037690
-0.7309929058 1.0040458984 0.0076672504
-0.7271657959 0.9761312244 0.0157683644
-0.7233386859 1.0339386670 0.0172119999
-0.7195115760 1.0181705869 0.0176604690
-0.7156844661 1.0029699454 0.0145850309
-0.7118573561 0.9925586355 0.0172386560
-0.7080302462 1.0076481062 0.0118457464
-0.7042031363 1.0151337863 0.0144836503
-0.7003760263 1.0058797600 0.0126225620
-0.6965489164 0.9948118409 0.0110685684
-0.6927218065 0.9981073970 0.0171246137
-0.6888946965 1.0052979199 0.0145140525
-0.6850675866 0.9812028444 0.0154872297
-0.6812404767 1.0013332321 0.0067177252
-0.6774133779 0.9811204711 0.0176812209
-0.6735862680 0.9608363051 0.0206604915
-0.6697591580 0.9444816953 0.0230236196
-0.6659320481 1.0326272520 0.0109518639
-0.6621049382 0.9746808771 0.0131315136
-0.6582778282 0.9774082466 0.0154707691
-0.6544507183 0.9869750772 0.0161620914
-0.6506236084 1.0027950138 0.0140899992
-0.6467964984 1.0193767741 0.0193634366
-0.6429693885 1.0172595530 0.0162095469
-0.6391422786 0.9923638361 0.0108412998
-0.6353151686 0.9942264837 0.0111746589
-0.6314880587 0.9982440058 0.0125779055
-0.6276609488 1.0097657777 0.0201076415
-0.6238338389 0.9969905772 0.0095032163
-0.6200067401 0.9892303444 0.0154126423
-0.6161796302 0.9841288242 0.0082007032
-0.6123525202 0.9820413890 0.0100871545
-0.6085254103 1.0366682780 0.0124040655
-0.6046983004 0.9863913740 0.0204199035
-0.6008711904 0.9682570084 0.0097570753
-0.5970440805 0.9946789694 0.0134104973
-0.5932169706 0.9937505290 0.0078441261
-0.5893898606 1.0126765210 0.0149286940
-0.5855627507 0.9598106477 0.0180577458
-0.5817356408 0.9904613955 0.0125392286
-0.5779085308 0.9969204829 0.0186366285
-0.5740814209 1.0035976575 0.0094538299
-0.5702543110 0.9717895027 0.0168386208
-0.5664272010 0.9790049927 0.0157125586
-0.5626000911 0.9924524852 0.0129883876
-0.5587729923 0.9967795210 0.0127438330
-0.5549458824 0.9826310319 0.0181665245
-0.5511187725 1.0204022030 0.0154069645
-0.5472916625 0.9871642416 0.0133972831
-0.5434645526 0.9896263175 0.0252046586
-0.5396374427 0.9969950519 0.0119547279
-0.5358103327 1.0295530179 0.0169051611
-0.5319832228 1.0117990381 0.0094069616
-0.5281561129 1.0059198791 0.0146357089
-0.5243290029 1.0239859814 0.0169979137
-0.5205018930 0.9910865317 0.0114876055
-0.5166747831 0.9777577254 0.0152108729
-0.5128476731 1.0106016428 0.0138225468
-0.5090205632 0.9993852549 0.0194871908
-0.5051934645 0.9989256202 0.0130520976
-0.5013663545 0.9983207913 0.0128600485
-0.4975392446 0.9993260473 0.0174189286
-0.4937121347 0.9972660807 0.0170361261
-0.4898850247 1.0077162400 0.0140341288
-0.4860579148 0.9743573503 0.0082565020
-0.4822308049 1.0216985911 0.0156191622
-0.4784036949 0.9901911052 0.0145749474
-0.4745765850 0.9881316802 0.0172350809
-0.4707494751 0.9887468225 0.0134160175
-0.4669223651 0.9734270259 0.0202090543
-0.4630952552 0.9698852313 0.0101108782
-0.4592681453 1.0076723395 0.0153972241
-0.4554410353 1.0124297526 0.0119517751
-0.4516139254 0.9803292902 0.0203300488
-0.4477868155 0.9859316235 0.0217028169
-0.4439597167 0.9885311807 0.0204234987
-0.4401326068 1.0100332480 0.0117333058
-0.4363054968 0.9919013878 0.0096672089
-0.4324783869 0.9842617522 0.0058682242
-0.4286512770 1.0025135787 0.0198347419
-0.4248241670 0.9984992784 0.0104692176
-0.4209970571 0.9837659986 0.0146277121
-0.4171699472 0.9716320503 0.0097065397
-0.4133428372 0.9946056806 0.0159781537
-0.4095157273 1.0117106635 0.0139940297
-0.4056886174 1.0026912415 0.0153692432
-0.4018615074 0.9479713814 0.0228752590
-0.3980343975 0.9709601723 0.0128953459
-0.3942072876 0.9586929493 0.0094213679
-0.3903801888 0.9915153110 0.0218414311
-0.3865530789 0.9664311063 0.0203539516
-0.3827259690 1.0272952205 0.0194763552
-0.3788988590 0.9646385587 0.0084753858
-0.3750717491 0.9772345863 0.0158245803
-0.3712446392 0.9951259041 0.0108784149
-0.3674175292 1.0391926706 0.0136370099
-0.3635904193 1.0314780784 0.0144006509
-0.3597633094 1.0182727860 0.0172005229
-0.3559361994 0.9581187160 0.0236731591
-0.3521090895 0.9834755770 0.0137832027
-0.3482819796 0.9994217888 0.0145196088
-0.3444548696 0.9577807495 0.0223492468
-0.3406277597 0.9873371101 0.0107796620
-0.3368006498 0.9648240802 0.0174716640
-0.3329735398 1.0025788000 0.0188572461
-0.3291464411 1.0083330679 0.0214473234
-0.3253193311 0.9882267578 0.0145589398
-0.3214922212 0.9784007528 0.0138672982
-0.3176651113 1.0215902976 0.0075377195
-0.3138380013 0.9910959172 0.0185007362
-0.3100108914 0.9781689449 0.0161724323
-0.3061837815 0.9883656790 0.0151602325
-0.3023566715 1.0076309281 0.0145011220
-0.2985295616 1.0014663622 0.0170431065
-0.2947024517 0.9584075490 0.0172273535
-0.2908753417 0.9803247891 0.0155321820
-0.2870482318 1.0263275047 0.0168369073
-0.2832211219 0.9618216163 0.0119529427
-0.2793940119 1.0015418075 0.0146968382
-0.2755669132 0.9775953490 0.0157011496
-0.2717398033 0.9764266549 0.0208340869
-0.2679126933 0.9992198877 0.0097026901
-0.2640855834 1.0010282210 0.0139797302
-0.2602584735 0.9775810653 0.0138032525
-0.2564313635 0.9982260579 0.0189482633
-0.2526042536 0.9946559275 0.0095137727
-0.2487771437 0.9563655364 0.0187950136
-0.2449500337 0.9994771382 0.0145287892
-0.2411229238 1.0015836114 0.0234133333
-0.2372958139 1.0184265452 0.0100349670
-0.2334687039 0.9856576062 0.0160958424
-0.2296415940 0.9837589649 0.0158101905
-0.2258144841 0.9856977708 0.0151607011
-0.2219873741 0.9867858675 0.0109914893
-0.2181602754 0.9766585395 0.0146554017
-0.2143331654 1.0282215359 0.0178235742
-0.2105060555 1.0281073566 0.0142407009
-0.2066789456 1.0155145562 0.0185141319
-0.2028518356 0.9717323705 0.0101322585
-0.1990247257 0.9955701351 0.0109363351
-0.1951976158 0.9985053792 0.0128010002
-0.1913705058 1.0069015193 0.0108712069
-0.1875433959 1.0018757366 0.0168105713
-0.1837162860 0.9601959239 0.0163875987
-0.1798891760 0.9937012814 0.0109615287
-0.1760620661 0.9725549657 0.0135399209
-0.1722349562 0.9717673612 0.0150420148
-0.1684078462 0.9897135506 0.0170802446
-0.1645807363 1.0028498533 0.0094327789
-0.1607536376 0.9874082612 0.0194514056
-0.1569265276 0.9936256080 0.0158638703
-0.1530994177 0.9918532325 0.0123022171
-0.1492723078 1.0099711718 0.0136485804
-0.1454451978 0.9734451694 0.0081714301
-0.1416180879 0.9902819750 0.0068544747
-0.1377909780 0.9863655310 0.0126776570
-0.1339638680 1.0078893124 0.0179693002
-0.1301367581 0.9840147377 0.0199716297
-0.1263096482 1.0019531268 0.0159851809
-0.1224825382 1.0033188510 0.0168291482
-0.1186554283 0.9910903641 0.0187009705
-0.1148283184 0.9888133507 0.0167844429
-0.1110012084 0.9870790900 0.0159206365
-0.1071740985 0.9716032744 0.0169340949
-0.1033469997 0.9878846942 0.0186526367
-0.0995198898 0.9939627959 0.0183748354
-0.0956927799 0.9822469097 0.0117494619
-0.0918656699 0.9846928945 0.0188241849
-0.0880385600 1.0127872901 0.0187818388
-0.0842114501 0.9687289434 0.0143959812
-0.0803843401 0.9555912870 0.0148383498
-0.0765572302 0.9987569644 0.0140251124
-0.0727301203 0.9941394140 0.0090366263
-0.0689030103 1.0086796962 0.0125019417
-0.0650759004 1.0129369100 0.0089690589
-0.0612487905 0.9604195414 0.0187744797
-0.0574216805 0.9653299200 0.0155434463
-0.0535945706 0.9620349342 0.0155083896
-0.0497674718 1.0062687927 0.0126134554
-0.0459403619 0.9831727466 0.0194155314
-0.0421132520 0.9725477283 0.0208020524
-0.0382861421 1.0346977737 0.0178044983
-0.0344590321 0.9805347992 0.0117275708
-0.0306319222 1.0109669501 0.0107318517
-0.0268048123 0.9995107724 0.0166229413
-0.0229777023 1.0069484963 0.0150916600
-0.0191505924 1.0007532279 0.0118381960
-0.0153234825 1.0113550765 0.0165096305
-0.0114963725 0.9921490925 0.0228204939
-0.0076692626 0.9841031998 0.0148389477
-0.0038421527 0.9974634275 0.0182629965
-0.0000150427 0.9907263727 0.0180274708
0.0038120560 1.0033869987 0.0196782373
0.0076391660 0.9953002135 0.0129409718
0.0114662759 0.9859581601 0.0119749171
0.0152933858 0.9840570302 0.0075265003
0.0191204958 1.0104041355 0.0147435061
0.0229476057 0.9788255335 0.0126684260
0.0267747156 0.9893569717 0.0118077837
0.0306018256 0.9995795000 0.0166747291
0.0344289355 0.9858047875 0.0133303894
0.0382560454 1.0036462801 0.0139915154
0.0420831554 0.9712784293 0.0121334378
0.0459102653 0.9926916279 0.0116465615
0.0497373752 1.0073546549 0.0072398220
0.0535644852 0.9987641224 0.0141942386
0.0573915951 1.0010317837 0.0103677148
0.0612186939 1.0058042509 0.0126138568
0.0650458038 0.9800259603 0.0127042177
0.0688729137 1.0179161999 0.0139739020
0.0727000237 0.9894769792 0.0188657778
0.0765271336 0.9792263204 0.0090485939
0.0803542435 0.9864064432 0.0200572757
0.0841813534 1.0112357274 0.0133992376
0.0880084634 1.0093347585 0.0155786006
0.0918355733 0.9884595957 0.0103945237
0.0956626832 1.0067177705 0.0157841812
0.0994897932 0.9593397211 0.0161293258
0.1033169031 0.9767549290 0.0185769077
0.1071440130 1.0150921155 0.0158958880
0.1109711230 0.9909557262 0.0109861813
0.1147982217 1.0349938459 0.0192673601
0.1186253317 1.0105197449 0.0106233442
0.1224524416 0.9836131192 0.0176191354
0.1262795515 0.9994299807 0.0163412897
0.1301066615 0.9942860063 0.0113235633
0.1339337714 0.9584271359 0.0134366944
0.1377608813 0.9927292177 0.0157764289
0.1415879913 0.9828353477 0.0111782093
0.1454151012 0.9971928963 0.0201036536
0.1492422111 1.0172241399 0.0166827966
0.1530693211 1.0240659937 0.0157317108
0.1568964310 1.0218311976 0.0127134097
0.1607235409 0.9674965161 0.0127161750
0.1645506509 0.9725758146 0.0072184863
0.1683777496 0.9980625971 0.0123916721
0.1722048596 0.9867473621 0.0143280020
0.1760319695 1.0028202667 0.0088775254
0.1798590794 0.9870420285 0.0184136133
0.1836861894 1.0067199535 0.0093094298
0.1875132993 0.9918793372 0.0125262819
0.1913404092 0.9902798025 0.0101257513
0.1951675192 0.9782785813 0.0118223063
0.1989946291 1.0024324227 0.0115936076
0.2028217390 0.9778414551 0.0143110460
0.2066488490 0.9654546890 0.0162546495
0.2104759589 0.9922847817 0.0133329602
0.2143030688 1.0158453159 0.0180625203
0.2181301787 1.0127739772 0.0135664504
0.2219572775 0.9847906995 0.0083957506
0.2257843874 0.9927637063 0.0120034191
0.2296114974 1.0088995766 0.0177789418
0.2334386073 0.9736360203 0.0199222206
0.2372657172 0.9826598093 0.0191688868
0.2410928272 1.0129903632 0.0222151343
0.2449199371 0.9659918726 0.0132562989
0.2487470470 0.9900740569 0.0204260891
0.2525741570 0.9906335628 0.0154871097
0.2564012669 0.9952693174 0.0163229258
0.2602283768 0.9796854422 0.0137359179
0.2640554868 0.9724943979 0.0230128936
0.2678825967 0.9790289628 0.0136187567
0.2717097066 1.0173274556 0.0142123644
0.2755368054 0.9890755072 0.0158982761
0.2793639153 0.9806299762 0.0155010142
0.2831910253 0.9865580879 0.0157066641
0.2870181352 0.9864240370 0.0124194782
0.2908452451 0.9973201126 0.0175588915
0.2946723551 0.9704741812 0.0146773372
0.2984994650 1.0031135766 0.0165450953
0.3023265749 0.9904656913 0.0199579946
0.3061536849 1.0071705811 0.0114209660
0.3099807948 0.9949348103 0.0142960800
0.3138079047 0.9914938585 0.0205099333
0.3176350147 0.9810948429 0.0156279369
0.3214621246 0.9960879707 0.0094531926
0.3252892345 0.9949938677 0.0085288703
0.3291163445 1.0355071010 0.0142988399
0.3329434432 0.9824155918 0.0191509176
0.3367705531 0.9958492246 0.0148362750
0.3405976631 1.0157683217 0.0127382681
0.3444247730 0.9671040443 0.0120419635
0.3482518829 1.0261659834 0.0112856300
0.3520789929 0.9973239902 0.0145366770
0.3559061028 1.0186227381 0.0142385635
0.3597332127 0.9902761626 0.0161186406
0.3635603227 1.0018691017 0.0194571698
0.3673874326 0.9693742090 0.0180197488
0.3712145425 0.9902837533 0.0129656063
0.3750416525 0.9878878876 0.0171228503
0.3788687624 0.9761598436 0.0139106330
0.3826958612 0.9889276360 0.0086457760
0.3865229711 0.9893303800 0.0193822040
0.3903500810 0.9692170512 0.0150603083
0.3941771910 0.9444386193 0.0105481467
0.3980043009 0.9867766633 0.0106426186
0.4018314108 1.0252449878 0.0187154586
0.4056585208 1.0154139623 0.0149795176
0.4094856307 0.9806190061 0.0116257252
0.4133127406 0.9999380889 0.0116023485
0.4171398506 0.9764377290 0.0103268676
0.4209669605 0.9969309425 0.0136286567
0.4247940704 1.0130518316 0.0184211184
0.4286211804 0.9853313500 0.0159895902
0.4324482903 1.0131957585 0.0207127835
0.4362753890 0.9994415138 0.0162663746
0.4401024990 1.0044791741 0.0160109784
0.4439296089 1.0061790654 0.0144079175
0.4477567188 0.9689771182 0.0231882776
0.4515838288 1.0041158640 0.0105457278
0.4554109387 1.0127344563 0.0185688761
0.4592380486 1.0153448783 0.0203325461
0.4630651586 0.9937920980 0.0146672238
0.4668922685 0.9776575927 0.0182964351
0.4707193784 1.0422248501 0.0189412413
0.4745464884 1.0193388831 0.0205363772
0.4783735983 0.9959571660 0.0077173215
0.4822007082 0.9838792818 0.0138295608
0.4860278182 1.0107206500 0.0124065505
0.4898549169 1.0332967527 0.0121716405
0.4936820269 1.0251572174 0.0115079362
0.4975091368 0.9953973836 0.0154161458
0.5013362467 1.0028009074 0.0100005228
0.5051633567 1.0245498293 0.0098045228
0.5089904666 0.9999784476 0.0072039951
0.5128175765 0.9629531018 0.0190093633
0.5166446865 1.0441661760 0.0158630451
0.5204717964 1.0262238068 0.0184197556
0.5242989063 0.9993961091 0.0233826141
0.5281260163 1.0051766242 0.0113880906
0.5319531262 0.9717186367 0.0105199237
0.5357802361 0.9838340450 0.0114967236
0.5396073461 0.9836795073 0.0195190821
0.5434344448 0.9579737216 0.0105364029
0.5472615547 1.0011702388 0.0100126839
0.5510886647 1.0022671331 0.0053364907
0.5549157746 0.9806817532 0.0122586210
0.5587428845 0.9944269166 0.0144665688
0.5625699945 1.0142698620 0.0154410023
0.5663971044 0.9882055483 0.0189533136
0.5702242143 0.9913952391 0.0123981129
0.5740513243 0.9879923466 0.0166950648
0.5778784342 0.9651927369 0.0162713485
0.5817055441 1.0064759032 0.0133143310
0.5855326541 0.9555374383 0.0175183166
0.5893597640 1.0000907032 0.0208959277
0.5931868739 0.9730267331 0.0171589742
0.5970139727 0.9823349722 0.0090197502
0.6008410826 0.9670507712 0.0222611428
0.6046681926 1.0052116806 0.0169566911
0.6084953025 1.0091394969 0.0181499384
0.6123224124 0.9996277128 0.0179483498
0.6161495224 0.9719175400 0.0159648539
0.6199766323 1.0202461288 0.0214995456
0.6238037422 0.9673548211 0.0155378011
0.6276308522 1.0091271255 0.0172974431
0.6314579621 0.9874892604 0.0078715339
0.6352850720 0.9993665948 0.0130992374
0.6391121820 0.9768087541 0.0171023618
0.6429392919 1.0216986056 0.0130456943
0.6467664018 1.0066061440 0.0210972031
0.6505935006 1.0026268123 0.0097374701
0.6544206105 1.0166523764 0.0132607511
0.6582477205 1.0345768325 0.0144544453
0.6620748304 1.0394617624 0.0142150844
0.6659019403 0.9899358730 0.0163688470
0.6697290502 0.9960359085 0.0199275569
0.6735561602 0.9900181763 0.0135859560
0.6773832701 1.0049525719 0.0079380271
0.6812103800 1.0001815838 0.0197720482
0.6850374900 0.9990703388 0.0157323085
0.6888645999 1.0099503659 0.0161963979
0.6926917098 0.9981428760 0.0095900538
0.6965188198 0.9846209552 0.0117043313
0.7003459185 1.0184499186 0.0137272572
0.7041730285 1.0136703022 0.0197164237
0.7080001384 1.0063763660 0.0182315339
0.7118272483 0.9959855959 0.0101130865
0.7156543583 1.0212921957 0.0182014141
0.7194814682 0.9999987626 0.0087018561
0.7233085781 0.9785852283 0.0118452853
0.7271356881 1.0048611758 0.0126777960
0.7309627980 1.0020404165 0.0165665927
0.7347899079 1.0322681064 0.0134600405
0.7386170179 1.0462167696 0.0149167250
0.7424441278 0.9878323403 0.0132042151
0.7462712377 1.0026996062 0.0113323174
0.7500983477 1.0263923200 0.0200486930
0.7539254464 1.0149524990 0.0273572675
0.7577525564 0.9980163556 0.0129659899
0.7615796663 0.9939861852 0.0158885726
0.7654067762 0.9865072798 0.0147344821
0.7692338862 0.9881073624 0.0094375519
0.7730609961 0.9947505209 0.0130030978
0.7768881060 0.9894146954 0.0219974391
0.7807152160 1.0054700982 0.0137277534
0.7845423259 1.0004921628 0.0154120887
0.7883694358 0.9827539214 0.0133099974
0.7921965457 1.0405352945 0.0144618971
0.7960236557 1.0091275525 0.0088038256
0.7998507656 0.9819252374 0.0107404347
0.8036778644 1.0213510160 0.0184872420
0.8075049743 1.0244183248 0.0089836557
0.8113320842 1.0076139883 0.0194948610
0.8151591942 0.9867092634 0.0132169405
0.8189863041 0.9926067482 0.0150071121
0.8228134140 0.9675758899 0.0116594335
0.8266405240 1.0018606306 0.0176037385
0.8304676339 0.9850036898 0.0102669907
0.8342947438 0.9713753598 0.0200934650
0.8381218538 1.0008422378 0.0092098638
0.8419489637 0.9923893300 0.0145413536
0.8457760736 1.0082431463 0.0088796775
0.8496031836 1.0230546013 0.0095109626
0.8534302823 1.0623448031 0.0216475617
0.8572573923 0.9829733658 0.0092666087
0.8610845022 1.0070328674 0.0141751004
0.8649116121 1.0187295175 0.0137278803
0.8687387221 0.9956128412 0.0142453441
0.8725658320 1.0005924276 0.0167435158
0.8763929419 1.0208859427 0.0149906225
0.8802200519 0.9862023251 0.0149522869
0.8840471618 0.9738441437 0.0140207440
0.8878742717 0.9842010922 0.0134867473
0.8917013817 0.9947839979 0.0143360507
0.8955284916 1.0198234788 0.0103002692
0.8993556015 1.0179492661 0.0124563615
0.9031827115 0.9623361065 0.0194811068
0.9070098102 0.9921399427 0.0126505675
0.9108369201 0.9862923580 0.0163268857
0.9146640301 1.0168412345 0.0207011528
0.9184911400 0.9689953243 0.0106350027
0.9223182499 0.9637950652 0.0193181759
0.9261453599 1.0033649970 0.0080942621
0.9299724698 0.9826644469 0.0173702899
0.9337995797 1.0114221087 0.0155937689
0.9376266897 1.0138554763 0.0184730908
0.9414537996 1.0041897095 0.0198335086
0.9452809095 1.0126215442 0.0149726649
0.9491080195 0.9933370424 0.0160520101
0.9529351294 0.9942331123 0.0102719916
0.9567622282 1.0207333510 0.0140517554
0.9605893381 1.0135699403 0.0079231676
0.9644164480 0.9875592587 0.0169534793
0.9682435580 1.0044373801 0.0227115214
0.9720706679 1.0140257687 0.0075887754
0.9758977778 0.9267742980 0.0202745990
0.9797248878 0.9974763923 0.0165483245
0.9835519977 1.0386688725 0.0127229733
0.9873791076 1.0027963057 0.0109115395
0.9912062176 1.0332316368 0.0166309039
0.9950333275 1.0206154069 0.0126963810
0.9988604374 1.0142607179 0.0160793154
1.0026875474 1.0391141423 0.0143448027
1.0065146461 1.0068751063 0.0141053954
1.0103417560 0.9867315397 0.0120304213
1.0141688660 0.9719688891 0.0230715080
1.0179959759 1.0142844916 0.0167898765
1.0218230858 1.0183339137 0.0165524132
1.0256501958 0.9872098180 0.0204941773
1.0294773057 0.9653673670 0.0154724468
1.0333044156 1.0023010462 0.0147726618
1.0371315256 0.9929571813 0.0117286873
1.0409586355 1.0075028222 0.0137460012
1.0447857454 0.9805398262 0.0083253145
1.0486128554 1.0172474164 0.0171548720
1.0524399653 1.0165011805 0.0144497090
1.0562670752 1.0026545339 0.0152428933
1.0600941740 1.0044573928 0.0116875552
1.0639212839 0.9812982735 0.0101533249
1.0677483939 1.0107123061 0.0122163174
1.0715755038 1.0461749713 0.0241167245
1.0754026137 0.9830627429 0.0150972609
1.0792297237 0.9954476688 0.0096882604
1.0830568336 1.0095611276 0.0134689287
1.0868839435 1.0025778534 0.0139902965
1.0907110535 0.9706347924 0.0106023993
1.0945381634 0.9893723447 0.0153599363
1.0983652733 1.0211090324 0.0109097362
1.1021923833 0.9889557993 0.0106058606
1.1060194932 0.9871580094 0.0143828691
1.1098465919 0.9566007221 0.0201763353
1.1136737019 1.0009471017 0.0139071758
1.1175008118 1.0439942147 0.0142206583
1.1213279217 1.0265912977 0.0224059773
1.1251550317 1.0033471142 0.0227834541
1.1289821416 0.9914483420 0.0113343057
1.1328092515 0.9985385173 0.0134067390
1.1366363615 0.9907739420 0.0187941062
1.1404634714 0.9829084255 0.0160178474
1.1442905813 1.0135511580 0.0157086275
1.1481176913 0.9987263404 0.0169433204
1.1519448012 1.0019585845 0.0133732760
1.1557719111 0.9942461095 0.0171343133
1.1595990099 0.9922751018 0.0066118843
1.1634261198 1.0024577162 0.0100678261
1.1672532298 0.9962516431 0.0149369057
1.1710803397 0.9756792481 0.0161127679
1.1749074496 1.0128333989 0.0112710122
1.1787345596 1.0053692138 0.0137863818
1.1825616695 0.9842917804 0.0117831098
1.1863887794 1.0048947590 0.0152051941
1.1902158894 0.9843915032 0.0232950937
1.1940429993 1.0550875590 0.0164849962
1.1978701092 0.9833840377 0.0064644064
1.2016972192 1.0152790974 0.0234108794
1.2055243291 1.0097153769 0.0143855249
1.2093514279 1.0049459168 0.0127950586
1.2131785378 0.9797089110 0.0119503465
1.2170056477 1.0238576821 0.0076859640
1.2208327577 1.0204765866 0.0106959786
1.2246598676 1.0362936323 0.0147567175
1.2284869775 1.0272704037 0.0188253236
1.2323140875 1.0083952296 0.0134173094
1.2361411974 1.0239710582 0.0194911176
1.2399683073 1.0175699739 0.0110483260
1.2437954172 0.9810734473 0.0148074897
1.2476225272 0.9804546175 0.0150085398
1.2514496371 0.9892586100 0.0142999208
1.2552767470 0.9879494958 0.0135227929
1.2591038458 1.0154738248 0.0139956560
1.2629309557 0.9906503363 0.0155216599
1.2667580657 0.9951762760 0.0118946683
1.2705851756 0.9702793005 0.0181325127
1.2744122855 1.0037340969 0.0081416539
1.2782393955 1.0432595011 0.0186341925
1.2820665054 0.9806517475 0.0147531780
1.2858936153 1.0130783211 0.0171700471
1.2897207253 0.9784147877 0.0156801954
1.2935478352 1.0116305999 0.0171175281
1.2973749451 1.0367270615 0.0170530652
1.3012020551 1.0308503581 0.0137616455
1.3050291538 1.0121246892 0.0095733187
1.3088562638 1.0180710292 0.0186869778
1.3126833737 1.0441485826 0.0167038183
1.3165104836 0.9869645156 0.0265357360
1.3203375936 1.0061526536 0.0143868363
1.3241647035 1.0020513506 0.0136949973
1.3279918134 0.9911306355 0.0124209494
1.3318189234 1.0114734716 0.0106283507
1.3356460333 1.0224670754 0.0167678915
1.3394731432 0.9859419869 0.0175825333
1.3433002532 1.0194985836 0.0177809236
1.3471273631 0.9807391665 0.0195158136
1.3509544730 0.9935640961 0.0181741584
1.3547815830 0.9982903285 0.0126853217
1.3586086817 0.9496462833 0.0143382802
1.3624357916 0.9599925665 0.0147410047
1.3662629016 0.9956097118 0.0191520120
1.3700900115 0.9848778388 0.0126887602
1.3739171214 0.9594065116 0.0193661058
1.3777442314 0.9992502604 0.0229717003
1.3815713413 1.0267190500 0.0133267043
1.3853984512 0.9763916619 0.0116650467
1.3892255612 1.0243644173 0.0072439866
1.3930526711 1.0339641092 0.0153143326
1.3968797810 0.9773012362 0.0134510688
1.4007068910 1.0267002096 0.0179433128
1.4045339897 0.9856382816 0.0152921318
1.4083610997 0.9916287099 0.0173380803
1.4121882096 0.9768661618 0.0099492014
1.4160153195 0.9762665290 0.0126382675
1.4198424295 1.0060597566 0.0182309813
1.4236695394 0.9741029079 0.0154025227
1.4274966493 1.0162934862 0.0173627776
1.4313237593 0.9726160809 0.0137854426
1.4351508692 0.9772546523 0.0138416175
1.4389779791 1.0155866595 0.0084915636
1.4428050891 1.0342676232 0.0197498318
1.4466321990 1.0079154126 0.0198893749
1.4504593089 1.0061328665 0.0173304403
1.4542864077 0.9760974967 0.0191455952
1.4581135176 0.9955829541 0.0164501402
1.4619406275 0.9946226946 0.0144082975
1.4657677375 0.9946941153 0.0229992113
1.4695948474 0.9806828224 0.0124966944
1.4734219573 1.0014613790 0.0136593183
1.4772490673 1.0083469118 0.0146231733
1.4810761772 0.9923621976 0.0165027205
1.4849032871 1.0260774964 0.0093197815
1.4887303971 1.0247978407 0.0147570995
1.4925575070 0.9977565560 0.0237671602
1.4963846169 0.9944970232 0.0119964123
1.5002117269 0.9849104071 0.0124837164
1.5040388256 1.0380537004 0.0169153704
1.5078659356 0.9796108506 0.0144220579
1.5116930455 0.9549554517 0.0124016583
1.5155201554 0.9927197321 0.0124139445
1.5193472654 1.0072764165 0.0139681126
1.5231743753 0.9775020034 0.0138550119
1.5270014852 0.9924536154 0.0135698157
1.5308285952 1.0044261741 0.0171600754
1.5346557051 0.9564414686 0.0133440106
1.5384828150 1.0137143021 0.0100138576
1.5423099250 1.0077253221 0.0094380442
1.5461370349 0.9716220917 0.0127572095
1.5499641448 0.9719664946 0.0091786644
1.5537912436 1.0026032513 0.0142675023
1.5576183535 1.0008776400 0.0148115008
1.5614454634 1.0021728249 0.0121172960
1.5652725734 0.9903381350 0.0128191425
1.5690996833 1.0315027023 0.0159129299
1.5729267932 1.0073541387 0.0226510277
1.5767539032 1.0189852032 0.0188049824
1.5801982954 0.9708679676 0.0201541481
