-2.3089212477 1.0108224624 0.0187035634
-2.3050941266 0.9902644420 0.0094349641
-2.3012670055 1.0067521850 0.0114035503
-2.2974398844 1.0054528678 0.0181390370
-2.2936127633 1.0093988524 0.0152583154
-2.2897856534 0.9942580357 0.0187966111
-2.2859585322 0.9965622750 0.0127329168
-2.2821314111 1.0046432901 0.0146641416
-2.2783042900 1.0052238226 0.0124421843
-2.2744771801 0.9944164367 0.0165290834
-2.2706500590 0.9870236457 0.0127046953
-2.2668229379 1.0036245988 0.0094591721
-2.2629958168 0.9893961485 0.0081672362
-2.2591687068 0.9755942904 0.0163925761
-2.2553415857 0.9916445367 0.0130315657
-2.2515144646 1.0022479814 0.0181633097
-2.2476873435 0.9718412483 0.0177563394
-2.2438602336 0.9765643317 0.0211154197
-2.2400331125 1.0001259534 0.0105548144
-2.2362059914 1.0166438597 0.0141159224
-2.2323788702 1.0121391381 0.0125256235
-2.2285517491 0.9766830052 0.0139441713
-2.2247246392 0.9773315885 0.0213532464
-2.2208975181 0.9959978274 0.0136175401
-2.2170703970 0.9978473008 0.0168631182
-2.2132432759 0.9921312018 0.0066002616
-2.2094161659 0.9999837622 0.0176093515
-2.2055890448 0.9995690861 0.0114982843
-2.2017619237 1.0250081994 0.0114906655
-2.1979348026 0.9792851095 0.0078827907
-2.1941076927 0.9975783019 0.0107570086
-2.1902805716 0.9793292345 0.0103293199
-2.1864534505 0.9851788619 0.0084511258
-2.1826263294 1.0106077624 0.0074963934
-2.1787992194 0.9546837592 0.0094548840
-2.1749720983 0.9845360281 0.0113878895
-2.1711449772 0.9810296345 0.0164837071
-2.1673178561 1.0155379475 0.0113835773
-2.1634907462 0.9679007828 0.0157265909
-2.1596636251 1.0163645686 0.0207098295
-2.1558365040 1.0024824915 0.0123135892
-2.1520093828 1.0074407071 0.0175987710
-2.1481822617 0.9940433472 0.0222119780
-2.1443551518 1.0096813851 0.0168404836
-2.1405280307 1.0143736575 0.0143772786
-2.1367009096 1.0134774517 0.0148511890
-2.1328737885 0.9935822092 0.0153565262
-2.1290466785 1.0210619687 0.0135987549
-2.1252195574 0.9894019166 0.0154454274
-2.1213924363 0.9697052875 0.0105370497
-2.1175653152 1.0189712041 0.0131365494
-2.1137382053 1.0027324002 0.0196841930
-2.1099110842 0.9918926401 0.0111772853
-2.1060839631 0.9827784286 0.0087742333
-2.1022568420 0.9674123479 0.0207122795
-2.0984297320 1.0077786692 0.0147462586
-2.0946026109 0.9885701035 0.0106205294
-2.0907754898 0.9704660721 0.0147515497
-2.0869483687 0.9926663642 0.0163759330
-2.0831212476 1.0106648841 0.0172331773
-2.0792941377 1.0018168650 0.0182254015
-2.0754670165 0.9947376694 0.0187430489
-2.0716398954 1.0109011276 0.0140589061
-2.0678127743 0.9674670646 0.0174584744
-2.0639856644 0.9854036150 0.0166745783
-2.0601585433 0.9863488444 0.0173471036
-2.0563314222 1.0010577022 0.0132588537
-2.0525043011 0.9768961002 0.0140657196
-2.0486771911 0.9804796804 0.0180110304
-2.0448500700 1.0168453887 0.0203054119
-2.0410229489 1.0034321435 0.0103286407
-2.0371958278 1.0010794091 0.0129632803
-2.0333687179 0.9817771713 0.0105610454
-2.0295415968 0.9720509698 0.0137008497
-2.0257144757 0.9916887597 0.0181599316
-2.0218873546 0.9883982768 0.0156872043
-2.0180602334 0.9824938603 0.0114626945
-2.0142331235 1.0049945358 0.0120832986
-2.0104060024 1.0162015951 0.0152575468
-2.0065788813 0.9763793154 0.0144670858
-2.0027517602 0.9999027634 0.0147616626
-1.9989246503 0.9896533322 0.0105523414
-1.9950975291 1.0122070236 0.0148591722
-1.9912704080 1.0203331794 0.0159716969
-1.9874432869 0.9986819578 0.0124561230
-1.9836161770 0.9856157708 0.0126137399
-1.9797890559 0.9746057950 0.0148392193
-1.9759619348 0.9981120550 0.0198259900
-1.9721348137 0.9879831334 0.0133771538
-1.9683077037 1.0187629674 0.0134204551
-1.9644805826 0.9784171151 0.0127346882
-1.9606534615 1.0096180046 0.0142788735
-1.9568263404 1.0212531428 0.0120403587
-1.9529992305 1.0029805945 0.0142944640
-1.9491721094 1.0354860080 0.0092639784
-1.9453449883 1.0039736175 0.0127907071
-1.9415178671 0.9863981162 0.0145861838
-1.9376907572 1.0034669941 0.0082099389
-1.9338636361 1.0010698298 0.0196189140
-1.9300365150 1.0233964935 0.0102263303
-1.9262093939 0.9885777511 0.0179397751
-1.9223822728 1.0155466572 0.0100255895
-1.9185551628 0.9810685875 0.0166607719
-1.9147280417 0.9742900519 0.0119349087
-1.9109009206 1.0058609632 0.0180477997
-1.9070737995 0.9757439380 0.0149230900
-1.9032466896 1.0100438059 0.0086460217
-1.8994195685 1.0140847444 0.0145527615
-1.8955924474 0.9983029371 0.0119150702
-1.8917653263 0.9927890613 0.0183480707
-1.8879382163 0.9904540337 0.0194229393
-1.8841110952 0.9671364744 0.0161873033
-1.8802839741 1.0240504087 0.0118974275
-1.8764568530 0.9853200399 0.0130354560
-1.8726297431 0.9917750990 0.0141595935
-1.8688026220 0.9949071090 0.0113282618
-1.8649755009 1.0052338812 0.0143074198
-1.8611483797 0.9826308809 0.0188086970
-1.8573212698 1.0019192374 0.0180737077
-1.8534941487 1.0199019598 0.0194943499
-1.8496670276 1.0073961786 0.0149865295
-1.8458399065 1.0013931667 0.0150865139
-1.8420127854 0.9958949661 0.0138753868
-1.8381856754 1.0016028347 0.0092845638
-1.8343585543 0.9795495850 0.0141167014
-1.8305314332 0.9848080243 0.0099017401
-1.8267043121 0.9995567004 0.0127074879
-1.8228772022 1.0290512909 0.0129512380
-1.8190500811 0.9806222342 0.0094376621
-1.8152229600 0.9634060496 0.0173902199
-1.8113958389 1.0020105403 0.0153578644
-1.8075687289 0.9817172561 0.0085042665
-1.8037416078 0.9706800757 0.0107714236
-1.7999144867 1.0017208658 0.0153225276
-1.7960873656 0.9961572590 0.0075593933
-1.7922602557 0.9969479901 0.0107250371
-1.7884331346 1.0090216485 0.0128254557
-1.7846060134 1.0159176994 0.0177152007
-1.7807788923 1.0181814318 0.0104371916
-1.7769517824 0.9673314290 0.0114688286
-1.7731246613 1.0135144613 0.0130423398
-1.7692975402 0.9679522723 0.0092454074
-1.7654704191 1.0032813161 0.0131898137
-1.7616433091 0.9893700918 0.0125228845
-1.7578161880 1.0044482105 0.0079104021
-1.7539890669 1.0089771314 0.0117153506
-1.7501619458 0.9721647488 0.0124260409
-1.7463348247 1.0058071351 0.0136508888
-1.7425077148 1.0297230749 0.0163557380
-1.7386805937 1.0147230819 0.0116628057
-1.7348534726 1.0105644235 0.0076314411
-1.7310263515 1.0106591050 0.0093683913
-1.7271992415 1.0045111094 0.0119167998
-1.7233721204 0.9818198362 0.0195443049
-1.7195449993 0.9877505781 0.0119883595
-1.7157178782 0.9997546651 0.0151333749
-1.7118907683 0.9874531117 0.0091690424
-1.7080636472 1.0170295251 0.0159595031
-1.7042365260 0.9936598467 0.0193582919
-1.7004094049 1.0332575900 0.0094920581
-1.6965822950 0.9970754697 0.0113666481
-1.6927551739 1.0242130816 0.0106417686
-1.6889280528 0.9960776058 0.0152513229
-1.6851009317 0.9941332246 0.0200759907
-1.6812738217 0.9877045653 0.0165323995
-1.6774467006 0.9850580608 0.0178636264
-1.6736195795 1.0142425116 0.0184387505
-1.6697924584 1.0168435279 0.0136570271
-1.6659653485 1.0613625529 0.0171264393
-1.6621382274 1.0098793628 0.0096218040
-1.6583111063 0.9896817733 0.0172634627
-1.6544839852 1.0147384139 0.0210495685
-1.6506568640 1.0125040479 0.0148489852
-1.6468297541 1.0302831594 0.0174107421
-1.6430026330 1.0181350197 0.0115879936
-1.6391755119 1.0387221532 0.0152756829
-1.6353483908 0.9941657683 0.0070842396
-1.6315212809 1.0105961342 0.0177621505
-1.6276941597 0.9826757786 0.0102982402
-1.6238670386 0.9992416908 0.0074422625
-1.6200399175 1.0526931528 0.0141968510
-1.6162128076 1.0007165084 0.0133225084
-1.6123856865 1.0083256462 0.0092443294
-1.6085585654 0.9942689512 0.0168212897
-1.6047314443 0.9671620712 0.0116766659
-1.6009043343 1.0055687738 0.0096659440
-1.5970772132 1.0263874133 0.0135117636
-1.5932500921 1.0268968393 0.0115616803
-1.5894229710 1.0114717018 0.0096689256
-1.5855958611 1.0208714442 0.0119167752
-1.5817687400 0.9809804592 0.0165214578
-1.5779416189 0.9947948340 0.0089373169
-1.5741144978 0.9951417204 0.0239689173
-1.5702873878 1.0213252664 0.0132324712
-1.5664602667 1.0477411586 0.0127255521
-1.5626331456 1.0263599598 0.0110158025
-1.5588060245 1.0156668358 0.0188259690
-1.5549789146 1.0119657948 0.0192138705
-1.5511517935 1.0559753103 0.0209792684
-1.5473246723 1.0292616392 0.0114487396
-1.5434975512 0.9979630976 0.0146361790
-1.5396704413 0.9835719680 0.0141173266
-1.5358433202 1.0066644753 0.0096714788
-1.5320161991 0.9837393848 0.0124378372
-1.5281890780 1.0189060829 0.0112208366
-1.5243619569 0.9829185106 0.0139966443
-1.5205348469 1.0250492968 0.0106020166
-1.5167077258 0.9954155765 0.0113075645
-1.5128806047 1.0295766364 0.0166420211
-1.5090534836 1.0215062836 0.0130361122
-1.5052263737 1.0209479970 0.0136588016
-1.5013992526 0.9832069933 0.0131574017
-1.4975721315 0.9791825412 0.0123011511
-1.4937450103 0.9745802797 0.0088835032
-1.4899179004 0.9948734316 0.0224737583
-1.4860907793 1.0107257148 0.0193171024
-1.4822636582 0.9880663598 0.0204071371
-1.4784365371 0.9876303097 0.0135129636
-1.4746094272 1.0186396487 0.0122193625
-1.4707823060 0.9932911403 0.0151879526
-1.4669551849 0.9996715626 0.0126095884
-1.4631280638 1.0140499818 0.0109237161
-1.4593009539 1.0128704661 0.0109177197
-1.4554738328 1.0078711942 0.0118606956
-1.4516467117 1.0267103730 0.0085524819
-1.4478195906 1.0116859744 0.0091784260
-1.4439924806 0.9959682062 0.0130062700
-1.4401653595 0.9677314759 0.0168712847
-1.4363382384 1.0261183769 0.0140781178
-1.4325111173 1.0242492966 0.0131692081
-1.4286840074 1.0201530936 0.0212044718
-1.4248568863 0.9861287091 0.0113657207
-1.4210297652 1.0283937586 0.0295315879
-1.4172026441 1.0123584874 0.0130761478
-1.4133755229 0.9862542050 0.0103706835
-1.4095484130 0.9978949855 0.0115405041
-1.4057212919 1.0186008561 0.0173211229
-1.4018941708 1.0261461221 0.0139742624
-1.3980670497 0.9850637671 0.0119484811
-1.3942399397 0.9973436162 0.0167903052
-1.3904128186 0.9972645572 0.0099940369
-1.3865856975 1.0211060752 0.0111454879
-1.3827585764 1.0394810629 0.0088285346
-1.3789314665 0.9903176400 0.0124983008
-1.3751043454 1.0067341800 0.0160078794
-1.3712772243 1.0333770457 0.0151652409
-1.3674501032 1.0125268457 0.0169326756
-1.3636229932 1.0358856141 0.0163298038
-1.3597958721 1.0310911425 0.0133540943
-1.3559687510 0.9971689182 0.0182409472
-1.3521416299 1.0389290823 0.0098687413
-1.3483145200 1.0302055650 0.0141074500
-1.3444873989 1.0506025151 0.0219454060
-1.3406602778 1.0188544546 0.0134752576
-1.3368331566 1.0240871912 0.0124592379
-1.3330060467 1.0215416693 0.0125558136
-1.3291789256 1.0237816949 0.0144650500
-1.3253518045 1.0179936171 0.0163752222
-1.3215246834 1.0136980786 0.0157477943
-1.3176975735 1.0293229009 0.0112335225
-1.3138704523 0.9930485645 0.0071418950
-1.3100433312 0.9895324295 0.0130948492
-1.3062162101 1.0183250009 0.0076404008
-1.3023891002 1.0134250345 0.0165387831
-1.2985619791 0.9966764060 0.0149589424
-1.2947348580 1.0545519635 0.0144694687
-1.2909077369 0.9852000125 0.0132131372
-1.2870806269 0.9955037613 0.0132081989
-1.2832535058 1.0118965662 0.0105405907
-1.2794263847 1.0120237821 0.0099859283
-1.2755992636 1.0167760731 0.0151571985
-1.2717721537 1.0138455968 0.0073038102
-1.2679450326 1.0132773456 0.0155949389
-1.2641179115 1.0197930506 0.0165133230
-1.2602907903 0.9912804812 0.0090180112
-1.2564636804 1.0067415004 0.0132421608
-1.2526365593 1.0246465858 0.0099215897
-1.2488094382 1.0158410013 0.0129579771
-1.2449823171 1.0497063720 0.0206496490
-1.2411551960 1.0427325315 0.0125592892
-1.2373280860 1.0055758483 0.0112818829
-1.2335009649 1.0331904787 0.0153174625
-1.2296738438 1.0508840928 0.0115098192
-1.2258467227 0.9937261690 0.0153880175
-1.2220196128 0.9942340902 0.0174410147
-1.2181924917 1.0179859803 0.0105890663
-1.2143653706 1.0087676585 0.0121428261
-1.2105382495 0.9713851207 0.0138539016
-1.2067111395 1.0141795484 0.0097915782
-1.2028840184 0.9916027521 0.0165344856
-1.1990568973 1.0131996166 0.0114893188
-1.1952297762 1.0164448772 0.0097943898
-1.1914026663 1.0236353038 0.0164183333
-1.1875755452 1.0008525872 0.0174203705
-1.1837484241 1.0251114732 0.0127466351
-1.1799213029 0.9980338577 0.0117851708
-1.1760941930 1.0172290991 0.0128791020
-1.1722670719 1.0248340825 0.0105127472
-1.1684399508 0.9874977045 0.0169674834
-1.1646128297 1.0201215227 0.0104969140
-1.1607857198 0.9959548080 0.0109688837
-1.1569585986 0.9933798733 0.0139572668
-1.1531314775 0.9983365515 0.0173955247
-1.1493043564 0.9697171941 0.0136928948
-1.1454772465 0.9983668302 0.0152455227
-1.1416501254 1.0164698699 0.0159426484
-1.1378230043 1.0316896691 0.0108820469
-1.1339958832 0.9864088293 0.0099259612
-1.1301687732 0.9986526968 0.0142539427
-1.1263416521 0.9945044440 0.0126186044
-1.1225145310 1.0229644399 0.0065385649
-1.1186874099 1.0000859726 0.0144490591
-1.1148603000 1.0012647972 0.0094920965
-1.1110331789 1.0202761579 0.0165495045
-1.1072060578 0.9752962363 0.0148029081
-1.1033789366 0.9946405042 0.0149568545
-1.0995518267 0.9853269619 0.0191853064
-1.0957247056 1.0256325623 0.0196973746
-1.0918975845 0.9839624010 0.0098937882
-1.0880704634 1.0247161867 0.0131750163
-1.0842433535 0.9928330543 0.0094065029
-1.0804162323 1.0184870537 0.0110875649
-1.0765891112 0.9891910624 0.0126008715
-1.0727619901 1.0313305446 0.0177819264
-1.0689348690 1.0069719030 0.0170207271
-1.0651077591 1.0016270647 0.0149233742
-1.0612806380 0.9864580707 0.0113393943
-1.0574535169 1.0181621305 0.0116075187
-1.0536263958 0.9750917720 0.0168994333
-1.0497992858 1.0041978275 0.0072420917
-1.0459721647 0.9976758410 0.0103849456
-1.0421450436 1.0165772894 0.0170524013
-1.0383179225 0.9824503431 0.0136702134
-1.0344908126 0.9919259964 0.0195398164
-1.0306636915 0.9751087740 0.0125165805
-1.0268365704 0.9763478016 0.0123054567
-1.0230094492 0.9808504529 0.0162338631
-1.0191823393 1.0144860408 0.0176620459
-1.0153552182 1.0065801116 0.0172753700
-1.0115280971 1.0193538916 0.0123270048
-1.0077009760 0.9881355218 0.0172947496
-1.0038738661 1.0257674432 0.0185986389
-1.0000467449 0.9938046137 0.0122184030
-0.9962196238 0.9884665772 0.0165225723
-0.9923925027 1.0095205824 0.0139516193
-0.9885653928 0.9996794901 0.0132315801
-0.9847382717 1.0151643086 0.0122213258
-0.9809111506 1.0102637748 0.0172992776
-0.9770840295 0.9863650669 0.0112184111
-0.9732569195 1.0156319443 0.0140661001
-0.9694297984 1.0013106229 0.0139803467
-0.9656026773 0.9812107042 0.0171531427
-0.9617755562 0.9740511259 0.0126841665
-0.9579484463 0.9937109746 0.0199028778
-0.9541213252 1.0073870981 0.0124189097
-0.9502942041 0.9976986801 0.0182177244
-0.9464670829 1.0202471821 0.0115279551
-0.9426399730 0.9832625558 0.0109243208
-0.9388128519 1.0048293856 0.0178943502
-0.9349857308 1.0239898336 0.0120573120
-0.9311586097 1.0086466096 0.0084964490
-0.9273314998 1.0311477455 0.0160147314
-0.9235043786 1.0020422111 0.0121979087
-0.9196772575 0.9992572017 0.0100795506
-0.9158501364 0.9755258316 0.0114452933
-0.9120230265 0.9950836469 0.0087098919
-0.9081959054 0.9756543713 0.0133327022
-0.9043687843 1.0059534092 0.0137032873
-0.9005416632 1.0048300327 0.0141683775
-0.8967145532 1.0308311723 0.0173757971
-0.8928874321 1.0294309416 0.0186789525
-0.8890603110 0.9881850944 0.0127240313
-0.8852331899 0.9988991129 0.0131058399
-0.8814060800 1.0118724677 0.0165563070
-0.8775789589 0.9983116377 0.0160877254
-0.8737518378 1.0462921604 0.0205848034
-0.8699247167 1.0134536860 0.0126495472
-0.8660976067 1.0134993438 0.0119586278
-0.8622704856 1.0249424035 0.0196893703
-0.8584433645 0.9675720771 0.0124191175
-0.8546162434 0.9869938081 0.0079042631
-0.8507891335 0.9741128335 0.0117347863
-0.8469620124 0.9858206992 0.0143663359
-0.8431348912 0.9563521178 0.0219377536
-0.8393077701 1.0148416696 0.0158522975
-0.8354806602 1.0022814800 0.0200863224
-0.8316535391 1.0311756759 0.0089696900
-0.8278264180 1.0143775248 0.0138462847
-0.8239992969 1.0157189249 0.0146730870
-0.8201721869 1.0148504026 0.0211128060
-0.8163450658 0.9909242169 0.0141248087
-0.8125179447 1.0194236189 0.0135392860
-0.8086908236 0.9987786901 0.0145959724
-0.8048637137 0.9788067302 0.0084488054
-0.8010365926 1.0014887020 0.0145186012
-0.7972094715 1.0232485662 0.0192795130
-0.7933823504 0.9772878670 0.0070618011
-0.7895552404 1.0605302970 0.0112291431
-0.7857281193 1.0094928702 0.0211429025
-0.7819009982 1.0220595711 0.0154506540
-0.7780738771 1.0083216137 0.0086780904
-0.7742467672 1.0187391796 0.0108716274
-0.7704196461 1.0110041824 0.0111475316
-0.7665925249 0.9891874357 0.0158093648
-0.7627654038 0.9785650040 0.0222594684
-0.7589382939 1.0036317856 0.0170450638
-0.7551111728 1.0049166351 0.0141319076
-0.7512840517 0.9734192988 0.0191677351
-0.7474569306 1.0326145658 0.0117801045
-0.7436298206 0.9616846009 0.0123243505
-0.7398026995 1.0233921689 0.0145059826
-0.7359755784 0.9676035608 0.0143950544
-0.7321484573 1.0022333143 0.0147809574
-0.7283213474 1.0016776439 0.0150275202
-0.7244942263 0.9878396246 0.0193521718
-0.7206671052 0.9910806706 0.0159773550
-0.7168399841 0.9820816243 0.0089721357
-0.7130128741 0.9600928302 0.0125889271
-0.7091857530 0.9876044603 0.0085754825
-0.7053586319 1.0225760675 0.0071598785
-0.7015315108 0.9499284262 0.0192114205
-0.6977044009 1.0084327174 0.0090829208
-0.6938772798 1.0010607210 0.0145552814
-0.6900501586 1.0047722059 0.0137619993
-0.6862230375 1.0084689667 0.0147322731
-0.6823959276 0.9836356011 0.0144358159
-0.6785688065 1.0132000472 0.0085245318
-0.6747416854 1.0239982599 0.0122971629
-0.6709145643 0.9838309368 0.0147497848
-0.6670874543 1.0009303796 0.0071638270
-0.6632603332 0.9964123495 0.0159557343
-0.6594332121 0.9873091420 0.0132546652
-0.6556060910 1.0200028384 0.0133069212
-0.6517789699 0.9867979690 0.0174636840
-0.6479518600 1.0350945204 0.0147863660
-0.6441247389 0.9863455269 0.0119975642
-0.6402976178 1.0010498919 0.0136757036
-0.6364704967 0.9894933901 0.0171810826
-0.6326433867 1.0172569515 0.0128256221
-0.6288162656 1.0134976507 0.0114832417
-0.6249891445 0.9544106328 0.0102160075
-0.6211620234 0.9926325389 0.0165646535
-0.6173349135 0.9865568813 0.0140026569
-0.6135077924 0.9795232758 0.0119880005
-0.6096806712 0.9957082028 0.0089978280
-0.6058535501 0.9941559896 0.0140651913
-0.6020264402 0.9982994757 0.0149584594
-0.5981993191 0.9650783982 0.0173586322
-0.5943721980 0.9617089667 0.0173202408
-0.5905450769 0.9881213538 0.0160766732
-0.5867179669 1.0046152363 0.0156480032
-0.5828908458 1.0107938054 0.0134704137
-0.5790637247 0.9817756539 0.0108466269
-0.5752366148 0.9923435040 0.0103162720
-0.5714094937 0.9772211401 0.0100971269
-0.5675823726 0.9989610932 0.0199181690
-0.5637552515 0.9875484508 0.0123267212
-0.5599281304 1.0156255187 0.0133356588
-0.5561010204 1.0116121678 0.0137204664
-0.5522738993 1.0011989040 0.0181763747
-0.5484467782 1.0097029524 0.0153835293
-0.5446196683 1.0070219581 0.0150565495
-0.5407925472 0.9791305613 0.0206634001
-0.5369654261 0.9815005253 0.0110791418
-0.5331383049 1.0155694836 0.0112416415
-0.5293111838 0.9616425383 0.0151500250
-0.5254840739 1.0048088914 0.0133976831
-0.5216569528 0.9826031800 0.0154567047
-0.5178298317 0.9915916803 0.0202484084
-0.5140027218 1.0097281516 0.0109142567
-0.5101756006 1.0047113187 0.0173860790
-0.5063484795 0.9968849260 0.0096514727
-0.5025213584 0.9666795635 0.0173473621
-0.4986942373 0.9682582676 0.0124675135
-0.4948671274 0.9731108460 0.0193423270
-0.4910400063 0.9741809978 0.0148019386
-0.4872128852 0.9874910707 0.0188485883
-0.4833857752 1.0138771268 0.0146692048
-0.4795586541 0.9744612448 0.0124518646
-0.4757315330 0.9697598658 0.0099177316
-0.4719044119 1.0284547227 0.0167106498
-0.4680773020 0.9898835763 0.0123306836
-0.4642501809 0.9912591525 0.0205831790
-0.4604230598 1.0117825973 0.0101860542
-0.4565959387 0.9686183824 0.0110035728
-0.4527688287 1.0000416291 0.0099373650
-0.4489417076 0.9992963266 0.0113753316
-0.4451145865 0.9713034823 0.0120703276
-0.4412874654 0.9751111545 0.0159366896
-0.4374603555 1.0230776101 0.0099960895
-0.4336332344 1.0249060525 0.0195762920
-0.4298061132 0.9915768217 0.0146702614
-0.4259789921 0.9701618080 0.0146534590
-0.4221518822 1.0037009374 0.0111051126
-0.4183247611 1.0081861805 0.0119580904
-0.4144976400 0.9987554626 0.0164945561
-0.4106705189 1.0212771321 0.0147879578
-0.4068434089 1.0037081408 0.0070987318
-0.4030162878 0.9852426372 0.0081257021
-0.3991891667 1.0093229338 0.0065951715
-0.3953620456 0.9714839387 0.0080515717
-0.3915349357 1.0027319666 0.0113040777
-0.3877078146 0.9883181889 0.0169042810
-0.3838806935 0.9622844486 0.0214353186
-0.3800535724 1.0071304127 0.0097255295
-0.3762264624 0.9652626292 0.0157445093
-0.3723993413 0.9912746258 0.0187773312
-0.3685722202 1.0044437908 0.0164166331
-0.3647450991 1.0173964379 0.0152615433
-0.3609179892 0.9950576087 0.0150727630
-0.3570908681 0.9807089895 0.0119971196
-0.3532637469 1.0120819487 0.0132879112
-0.3494366258 0.9843920108 0.0188676836
-0.3456095159 1.0017228165 0.0119182472
-0.3417823948 1.0058879189 0.0128754115
-0.3379552737 0.9756680153 0.0165936198
-0.3341281526 0.9500076998 0.0173794872
-0.3303010426 0.9945397766 0.0128507723
-0.3264739215 0.9940440546 0.0173069575
-0.3226468004 0.9924765065 0.0150390549
-0.3188196793 0.9937545493 0.0173975925
-0.3149925694 0.9859873519 0.0068467196
-0.3111654483 0.9703950150 0.0119534587
-0.3073383272 0.9969255123 0.0127642647
-0.3035112061 1.0017298246 0.0136760710
-0.2996840961 0.9882349455 0.0118295662
-0.2958569750 0.9941193999 0.0115205651
-0.2920298539 1.0247254266 0.0119051919
-0.2882027328 0.9828527456 0.0126498600
-0.2843756229 1.0049102272 0.0143187050
-0.2805485018 0.9722427231 0.0141436129
-0.2767213807 0.9744073560 0.0101758842
-0.2728942595 0.9670200429 0.0101002563
-0.2690671496 1.0098716319 0.0125995330
-0.2652400285 0.9996937303 0.0117123576
-0.2614129074 0.9750268217 0.0098799827
-0.2575857863 0.9910955403 0.0180650573
-0.2537586764 0.9965316065 0.0189278728
-0.2499315552 1.0017308054 0.0093544188
-0.2461044341 0.9910060437 0.0142324940
-0.2422773130 0.9990621008 0.0177120726
-0.2384502031 0.9836060716 0.0097210712
-0.2346230820 0.9801567054 0.0128066545
-0.2307959609 0.9758636094 0.0164928208
-0.2269688398 0.9998951580 0.0205181610
-0.2231417298 0.9767124162 0.0166732573
-0.2193146087 1.0071290800 0.0174337938
-0.2154874876 0.9799981291 0.0116077004
-0.2116603665 0.9787988168 0.0113389316
-0.2078332566 0.9627447431 0.0135525634
-0.2040061355 1.0033151188 0.0130105856
-0.2001790144 0.9898664075 0.0185967423
-0.1963518932 0.9907046146 0.0141892369
-0.1925247833 0.9969277762 0.0120061169
-0.1886976622 0.9935017748 0.0096330260
-0.1848705411 1.0233372792 0.0172038981
-0.1810434200 0.9850133358 0.0114748170
-0.1772163101 0.9693259901 0.0144449848
-0.1733891889 1.0221610844 0.0132230906
-0.1695620678 1.0061444718 0.0168006683
-0.1657349467 0.9387982989 0.0140321668
-0.1619078368 0.9905187655 0.0139861551
-0.1580807157 0.9729370405 0.0225958797
-0.1542535946 0.9871615831 0.0147959780
-0.1504264735 0.9845466919 0.0131945526
-0.1465993635 0.9770230043 0.0130521454
-0.1427722424 0.9716965141 0.0142231280
-0.1389451213 0.9591360823 0.0257721283
-0.1351180002 0.9920701195 0.0126926293
-0.1312908903 0.9924673731 0.0096779350
-0.1274637692 0.9699188402 0.0141477368
-0.1236366481 0.9964388714 0.0133755029
-0.1198095270 1.0049678876 0.0132407600
-0.1159824170 0.9553918579 0.0106942284
-0.1121552959 1.0027694627 0.0182608356
-0.1083281748 0.9747323689 0.0204666730
-0.1045010649 0.9967302090 0.0193473360
-0.1006739438 0.9424958791 0.0141826722
-0.0968468226 0.9954434648 0.0147630022
-0.0930197015 0.9934434783 0.0131824083
-0.0891925916 0.9990040788 0.0081134384
-0.0853654705 1.0227706497 0.0179119058
-0.0815383494 1.0059904441 0.0137793504
-0.0777112283 0.9764953574 0.0126850120
-0.0738841183 1.0236001717 0.0157620262
-0.0700569972 0.9788556265 0.0145525323
-0.0662298761 0.9949343736 0.0142542710
-0.0624027550 0.9737240694 0.0188877964
-0.0585756451 0.9741838648 0.0095118957
-0.0547485240 0.9962466996 0.0152964051
-0.0509214029 1.0036463556 0.0156414674
-0.0470942818 0.9480977641 0.0165964462
-0.0432671718 1.0442614556 0.0235159883
-0.0394400507 0.9753602379 0.0111190496
-0.0356129296 1.0074222814 0.0164933389
-0.0317858085 0.9661718472 0.0117992577
-0.0279586986 0.9802722264 0.0133735531
-0.0241315775 0.9940081692 0.0106164102
-0.0203044564 0.9847390811 0.0118821863
-0.0164773352 0.9815432198 0.0146995177
-0.0126502253 0.9888138564 0.0119558611
-0.0088231042 0.9881624766 0.0104084114
-0.0049959831 0.9948074047 0.0157334425
-0.0011688620 0.9701584611 0.0186896120
0.0026582479 0.9881153287 0.0171215000
0.0064853691 0.9814662348 0.0086057504
0.0103124902 0.9880501136 0.0126005485
0.0141396113 0.9535223795 0.0169474197
0.0179667212 0.9933146959 0.0105029677
0.0217938423 0.9980162474 0.0147033824
0.0256209634 0.9918265618 0.0116167368
0.0294480845 0.9816797858 0.0159137523
0.0332751945 0.9696361704 0.0176560020
0.0371023156 0.9780797075 0.0136480402
0.0409294367 0.9994560253 0.0127306076
0.0447565578 0.9823635222 0.0124304090
0.0485836677 1.0073576189 0.0149604188
0.0524107888 0.9915289386 0.0118076321
0.0562379099 0.9981853657 0.0181203715
0.0600650311 0.9439307346 0.0119332405
0.0638921410 0.9901202558 0.0070081857
0.0677192621 0.9974838699 0.0119352434
0.0715463832 0.9724354801 0.0153182366
0.0753735043 1.0081679239 0.0189915225
0.0792006142 0.9918843605 0.0140210111
0.0830277354 0.9994538944 0.0158933459
0.0868548565 0.9381404139 0.0166566244
0.0906819776 0.9951507011 0.0082845923
0.0945090875 0.9891847332 0.0144465113
0.0983362086 0.9925214394 0.0096028388
0.1021633297 1.0135008173 0.0140230658
0.1059904397 1.0119947874 0.0159070218
0.1098175608 0.9814137318 0.0164524684
0.1136446819 1.0330846935 0.0162053294
0.1174718030 0.9955675328 0.0127791351
0.1212989129 0.9880192740 0.0118719821
0.1251260340 1.0070959213 0.0134369697
0.1289531551 0.9867298567 0.0138375439
0.1327802762 0.9844472358 0.0131428794
0.1366073862 0.9763687146 0.0097412946
0.1404345073 0.9761286028 0.0135912459
0.1442616284 0.9969723222 0.0116179115
0.1480887495 0.9835599869 0.0233606729
0.1519158594 0.9892432810 0.0145935979
0.1557429805 1.0169471045 0.0167618097
0.1595701016 0.9721707154 0.0136631369
0.1633972228 0.9894930967 0.0153650829
0.1672243327 0.9884543215 0.0145321574
0.1710514538 1.0088044699 0.0159175687
0.1748785749 1.0379291553 0.0125630203
0.1787056960 0.9717655573 0.0164138382
0.1825328059 1.0234294287 0.0151902503
0.1863599271 0.9783564493 0.0125034608
0.1901870482 0.9948394603 0.0132189934
0.1940141693 0.9873183043 0.0120942803
0.1978412792 1.0138125766 0.0141927292
0.2016684003 0.9683341208 0.0161476672
0.2054955214 1.0031331160 0.0162167136
0.2093226425 0.9922302420 0.0153005149
0.2131497525 0.9850808270 0.0099178140
0.2169768736 0.9729510458 0.0143259963
0.2208039947 0.9948862072 0.0077934544
0.2246311158 1.0102142255 0.0146078325
0.2284582257 1.0063076437 0.0131485074
0.2322853468 1.0342537018 0.0207104174
0.2361124679 0.9939088101 0.0153911518
0.2399395891 1.0085987376 0.0126642826
0.2437666990 1.0196520055 0.0114530131
0.2475938201 1.0064749679 0.0137898746
0.2514209412 0.9418732104 0.0166296824
0.2552480511 0.9805958951 0.0137217863
0.2590751722 0.9876509392 0.0107549673
0.2629022934 1.0016750885 0.0106849048
0.2667294145 0.9867475285 0.0103986813
0.2705565244 1.0078030535 0.0152219518
0.2743836455 1.0069986177 0.0159891733
0.2782107666 0.9901116297 0.0130001647
0.2820378877 0.9965139352 0.0206601552
0.2858649977 1.0113859442 0.0121897483
0.2896921188 0.9769293513 0.0103339888
0.2935192399 1.0138408830 0.0111769950
0.2973463610 0.9888711823 0.0187483762
0.3011734709 0.9702486922 0.0125404732
0.3050005920 0.9618398896 0.0093677363
0.3088277131 0.9762039993 0.0125487526
0.3126548342 1.0099185719 0.0158903788
0.3164819442 0.9692688681 0.0156181132
0.3203090653 0.9953155923 0.0134214985
0.3241361864 0.9761267155 0.0167252086
0.3279633075 0.9468036843 0.0131503362
0.3317904174 1.0515832782 0.0169468409
0.3356175385 1.0097852190 0.0146753861
0.3394446597 0.9773080982 0.0180486005
0.3432717808 0.9972643006 0.0104579654
0.3470988907 1.0211438829 0.0158594599
0.3509260118 0.9854137602 0.0114305897
0.3547531329 0.9790512060 0.0151086363
0.3585802540 1.0013373176 0.0129722205
0.3624073640 1.0260041861 0.0184771629
0.3662344851 0.9967143940 0.0100400888
0.3700616062 0.9998072079 0.0229026432
0.3738887161 1.0234191451 0.0151232220
0.3777158372 0.9979035410 0.0121125416
0.3815429583 1.0059948610 0.0156553813
0.3853700794 0.9826620190 0.0129102119
0.3891971894 0.9706331231 0.0139971565
0.3930243105 1.0187436855 0.0113350937
0.3968514316 1.0138280865 0.0187377226
0.4006785527 1.0077273671 0.0143185643
0.4045056626 0.9748176762 0.0148247541
0.4083327837 0.9772971693 0.0089686438
0.4121599048 1.0062520657 0.0188285986
0.4159870259 1.0040807441 0.0125726601
0.4198141359 1.0027188857 0.0120086844
0.4236412570 0.9681485961 0.0127468995
0.4274683781 1.0275233463 0.0131453942
0.4312954992 0.9859807936 0.0130343502
0.4351226091 0.9733828383 0.0104565052
0.4389497302 0.9923756764 0.0131085556
0.4427768514 0.9876016984 0.0134189377
0.4466039725 1.0146752558 0.0180906048
0.4504310824 1.0128052488 0.0184009266
0.4542582035 0.9815660254 0.0080523779
0.4580853246 0.9936340965 0.0107101973
0.4619124457 0.9673149333 0.0117204225
0.4657395557 0.9755824777 0.0227096312
0.4695666768 1.0233905224 0.0130462425
0.4733937979 0.9874088033 0.0140404381
0.4772209190 0.9718180816 0.0144853785
0.4810480289 0.9952146982 0.0170431096
0.4848751500 1.0162829087 0.0172929295
0.4887022711 1.0269295353 0.0178426895
0.4925293811 1.0306751870 0.0176771584
0.4963565022 1.0052433943 0.0151396615
0.5001836233 0.9872554080 0.0093160537
0.5040107444 1.0047741216 0.0101356197
0.5078378543 0.9760348925 0.0160130656
0.5116649754 1.0117437305 0.0105139031
0.5154920965 1.0026806618 0.0146129422
0.5193192177 1.0035009756 0.0070159969
0.5231463276 0.9858176655 0.0147759891
0.5269734487 1.0314063066 0.0190474754
0.5308005698 0.9983038378 0.0138334426
0.5346276909 1.0172541388 0.0159028185
0.5384548008 0.9874411158 0.0137270601
0.5422819220 0.9846345792 0.0201272938
0.5461090431 1.0161764814 0.0080338772
0.5499361642 0.9922997970 0.0093856298
0.5537632741 1.0003265546 0.0086679243
0.5575903952 0.9707497769 0.0149700822
0.5614175163 1.0040564970 0.0128962084
0.5652446374 0.9961382588 0.0135859183
0.5690717474 0.9955920823 0.0193432171
0.5728988685 0.9836846386 0.0137331397
0.5767259896 1.0092343842 0.0173049431
0.5805531107 0.9860592084 0.0170651029
0.5843802206 1.0089053999 0.0108580882
0.5882073417 1.0136898473 0.0124162907
0.5920344628 1.0224166092 0.0192762503
0.5958615728 0.9996909951 0.0145376109
0.5996886939 1.0151191362 0.0150720267
0.6035158150 1.0250794847 0.0131583916
0.6073429361 0.9840299310 0.0183143743
0.6111700460 1.0218772465 0.0119629147
0.6149971671 0.9998789730 0.0082570035
0.6188242882 1.0166957628 0.0130269043
0.6226514094 0.9775524670 0.0140763583
0.6264785193 0.9925735332 0.0079179600
0.6303056404 1.0056065947 0.0124655922
0.6341327615 1.0188769377 0.0157907860
0.6379598826 1.0048688376 0.0085481707
0.6417869925 1.0280326943 0.0158869368
0.6456141137 0.9788361148 0.0151747737
0.6494412348 0.9848185627 0.0068718282
0.6532683559 0.9692705148 0.0120489947
0.6570954658 1.0443471548 0.0147673137
0.6609225869 0.9849249221 0.0167008783
0.6647497080 0.9996889366 0.0171226247
0.6685768291 0.9916008149 0.0127720905
0.6724039391 0.9942773611 0.0137986673
0.6762310602 0.9727479964 0.0150086062
0.6800581813 0.9986673552 0.0119188458
0.6838852912 0.9898846402 0.0104755503
0.6877124123 0.9998163374 0.0092733306
0.6915395334 1.0039775118 0.0069234630
0.6953666545 0.9995941292 0.0151744805
0.6991937645 0.9880935772 0.0214027594
0.7030208856 1.0243906566 0.0101424768
0.7068480067 0.9950943891 0.0120969652
0.7106751278 0.9858085851 0.0168842179
0.7145022377 0.9702956963 0.0110084574
0.7183293588 1.0374793225 0.0213219380
0.7221564800 0.9831795410 0.0145423385
0.7259836011 1.0031563693 0.0164792634
0.7298107110 0.9969145304 0.0144417807
0.7336378321 0.9668514016 0.0182345745
0.7374649532 1.0242276093 0.0078803528
0.7412920743 0.9746375946 0.0159707447
0.7451191843 1.0080008138 0.0209699117
0.7489463054 0.9920613448 0.0106195757
0.7527734265 1.0016145277 0.0128741857
0.7566005476 0.9745116033 0.0140149081
0.7604276575 0.9879547058 0.0149143635
0.7642547786 0.9945294349 0.0127668708
0.7680818997 1.0180242102 0.0181057956
0.7719090097 0.9945744024 0.0156027337
0.7757361308 0.9560166599 0.0179886728
0.7795632519 1.0229470177 0.0117729600
0.7833903730 0.9819584236 0.0181113096
0.7872174829 1.0036091559 0.0126336719
0.7910446040 1.0202794008 0.0145827687
0.7948717251 0.9960836193 0.0123519171
0.7986988463 1.0040187692 0.0136457142
0.8025259562 1.0076526527 0.0155745657
0.8063530773 1.0408621207 0.0146331070
0.8101801984 1.0265325809 0.0148406803
0.8140073195 1.0556634538 0.0143688120
0.8178344294 1.0272998411 0.0108954774
0.8216615506 0.9826886994 0.0131347580
0.8254886717 1.0253396380 0.0161505891
0.8293157928 0.9999229058 0.0129776412
0.8331429027 1.0558690942 0.0238125271
0.8369700238 0.9836492060 0.0189549173
0.8407971449 0.9704979343 0.0077616585
0.8446242549 0.9888862378 0.0145988298
0.8484513760 1.0118899585 0.0125426003
0.8522784971 1.0185979744 0.0112066054
0.8561056182 0.9990905945 0.0214502374
0.8599327281 0.9918444214 0.0121018332
0.8637598492 0.9854278295 0.0106474778
0.8675869703 0.9742134114 0.0167997251
0.8714140914 0.9995816535 0.0139168968
0.8752412014 1.0187796603 0.0208854113
0.8790683225 0.9890917881 0.0121020404
0.8828954436 1.0049641671 0.0119227082
0.8867225647 1.0107880588 0.0097403543
0.8905496746 1.0188191808 0.0136385791
0.8943767957 1.0312301151 0.0095240046
0.8982039168 0.9989387130 0.0088312880
0.9020310380 1.0149668748 0.0142251808
0.9058581479 1.0428341003 0.0112802562
0.9096852690 1.0152749676 0.0151845111
0.9135123901 0.9904115059 0.0117269338
0.9173395000 1.0284802171 0.0076081524
0.9211666211 1.0322299477 0.0136760732
0.9249937423 1.0029386919 0.0190975766
0.9288208634 1.0286595637 0.0134653525
0.9326479733 1.0131495898 0.0103682476
0.9364750944 1.0309134469 0.0073278012
0.9403022155 0.9697713064 0.0192625397
0.9441293366 1.0178836212 0.0097086429
0.9479564466 0.9758172475 0.0183718722
0.9517835677 1.0271135718 0.0156545488
0.9556106888 0.9783623517 0.0185172125
0.9594378099 1.0083166378 0.0094228312
0.9632649198 1.0112509583 0.0111420925
0.9670920409 1.0113586140 0.0119942141
0.9709191620 1.0050265952 0.0194493158
0.9747462831 1.0102932344 0.0149155312
0.9785733931 1.0094558057 0.0168944222
0.9824005142 1.0129388228 0.0105645075
0.9862276353 1.0150574142 0.0088534124
0.9900547452 1.0060786662 0.0189700512
0.9938818663 0.9846601125 0.0110265833
0.9977089874 1.0164469127 0.0157552932
1.0015361086 0.9980100404 0.0104330570
1.0053632185 1.0224860208 0.0158805442
1.0091903396 0.9868508236 0.0168209760
1.0130174607 0.9973826629 0.0087303533
1.0168445818 1.0170572226 0.0121743296
1.0206716917 0.9991891397 0.0153780907
1.0244988129 1.0138558239 0.0178674261
1.0283259340 1.0038446003 0.0131675999
1.0321530551 0.9789473499 0.0182900876
1.0359801650 0.9882223531 0.0146404566
1.0398072861 1.0290777602 0.0209948100
1.0436344072 1.0147258747 0.0128188274
1.0474615283 1.0326950832 0.0162445950
1.0512886383 0.9830964984 0.0137495572
1.0551157594 1.0130843547 0.0195560417
1.0589428805 1.0114921216 0.0081356684
1.0627699904 0.9846741896 0.0127305515
1.0665971115 0.9868916167 0.0193692068
1.0704242326 0.9965329944 0.0109461090
1.0742513537 1.0201685324 0.0133134441
1.0780784637 0.9954736177 0.0233228092
1.0819055848 1.0064440925 0.0076244645
1.0857327059 1.0180390093 0.0151160285
1.0895598270 0.9623948680 0.0142549970
1.0933869369 1.0443736768 0.0152584460
1.0972140580 1.0034930447 0.0158151547
1.1010411792 0.9992725854 0.0129093752
1.1048683003 1.0074057418 0.0101770480
1.1086954102 1.0197570278 0.0110973996
1.1125225313 0.9830062429 0.0125651538
1.1163496524 1.0192721049 0.0158320677
1.1201767735 0.9727284242 0.0162241555
1.1240038835 1.0269769483 0.0110932390
1.1278310046 1.0131618243 0.0093408649
1.1316581257 1.0003268516 0.0153569479
1.1354852356 0.9988224203 0.0100185915
1.1393123567 1.0162391873 0.0109434744
1.1431394778 0.9952999328 0.0168232359
1.1469665989 0.9686820460 0.0135998445
1.1507937089 1.0277886683 0.0124893071
1.1546208300 1.0112733968 0.0170485311
1.1584479511 1.0223033331 0.0129445866
1.1622750722 1.0262365489 0.0146384636
1.1661021821 1.0044303651 0.0091565997
1.1699293032 1.0101184315 0.0097212253
1.1737564243 1.0156335015 0.0100859445
1.1775835454 1.0118804096 0.0123056501
1.1814106554 1.0043767615 0.0133166075
1.1852377765 1.0143773661 0.0180405887
1.1890648976 0.9938634335 0.0138778609
1.1928920187 1.0120991928 0.0143307771
1.1967191286 0.9972784181 0.0095785708
1.2005462497 0.9837812446 0.0213923267
1.2043733709 1.0189679207 0.0196309598
1.2082004808 1.0205278172 0.0170341319
1.2120276019 1.0094435017 0.0072561992
1.2158547230 1.0033965109 0.0072275754
1.2196818441 1.0145771275 0.0110732793
1.2235089540 1.0051915317 0.0176416002
1.2273360752 1.0175830852 0.0083958836
1.2311631963 1.0062617742 0.0077948694
1.2349903174 1.0143454129 0.0114193757
1.2388174273 1.0096514166 0.0213283926
1.2426445484 1.0256364345 0.0094689330
1.2464716695 1.0118207584 0.0095056033
1.2502987906 1.0013757589 0.0093551723
1.2541259006 1.0032137366 0.0128021178
1.2579530217 1.0108463853 0.0104152671
1.2617801428 0.9981638891 0.0111847582
1.2656072527 1.0482133686 0.0156935641
1.2694343738 0.9891271235 0.0071817545
1.2732614949 0.9975306374 0.0146276304
1.2770886160 0.9737273096 0.0088072381
1.2809157260 1.0286861376 0.0180442260
1.2847428471 0.9905548764 0.0077267831
1.2885699682 0.9857834522 0.0139953355
1.2923970893 1.0164401885 0.0092224410
1.2962241992 1.0209894425 0.0168285896
1.3000513203 1.0302629706 0.0161995573
1.3038784415 1.0183997477 0.0172726857
1.3077055626 1.0005920370 0.0124440052
1.3115326725 1.0007036482 0.0111555582
1.3153597936 1.0305034807 0.0126389757
1.3191869147 0.9871266817 0.0157851696
1.3230140246 1.0280134868 0.0115007331
1.3268411458 1.0060808333 0.0139884192
1.3306682669 0.9886727226 0.0104464478
1.3344953880 1.0122973489 0.0162400319
1.3383224979 1.0117105672 0.0083501394
1.3421496190 0.9818183806 0.0150305425
1.3459767401 1.0187698950 0.0099610994
1.3498038612 1.0171058916 0.0144368225
1.3536309712 0.9992834090 0.0106936625
1.3574580923 1.0067810249 0.0158364200
1.3612852134 0.9877371063 0.0137881581
1.3651123345 1.0208222952 0.0147053799
1.3689394444 1.0193973914 0.0138441431
1.3727665655 1.0433801240 0.0135462154
1.3765936866 0.9985819779 0.0145002924
1.3804207966 1.0272640577 0.0180487253
1.3842479177 1.0089307889 0.0099741220
1.3880750388 1.0000162378 0.0141646388
1.3919021599 1.0150084752 0.0138408594
1.3957292698 1.0427187850 0.0179633472
1.3995563909 0.9941400089 0.0163259902
1.4033835120 0.9974137569 0.0169336919
1.4072106332 1.0091875251 0.0179161284
1.4110377431 1.0040092178 0.0113196038
1.4148648642 0.9958496979 0.0098031511
1.4186919853 1.0189944293 0.0094441846
1.4225191064 1.0373942215 0.0184087905
1.4263462164 1.0097854266 0.0158937808
1.4301733375 1.0163985482 0.0215734226
1.4340004586 1.0240562787 0.0152667077
1.4378275685 1.0187240923 0.0071232963
1.4416546896 1.0020717365 0.0146651899
1.4454818107 1.0138711784 0.0089968058
1.4493089318 0.9988920948 0.0136654983
1.4531360418 1.0344752418 0.0100949005
1.4569631629 1.0299040860 0.0156236643
1.4607902840 1.0001436180 0.0086634721
1.4646174051 0.9647398184 0.0136764277
1.4684445150 1.0215577082 0.0135423187
1.4722716361 1.0202061079 0.0093440704
1.4760987572 1.0103134658 0.0172727089
1.4799258783 1.0139537332 0.0150307786
1.4837529883 1.0106313290 0.0178651137
1.4875801094 1.0324168155 0.0125585072
1.4914072305 0.9787763748 0.0102345816
1.4952343404 0.9937355633 0.0106887843
1.4990614615 1.0124621402 0.0116395156
1.5028885826 1.0275330079 0.0079057705
1.5067157038 0.9753737451 0.0138483822
1.5105428137 1.0067045264 0.0198130718
1.5143699348 1.0044852153 0.0122003542
1.5181970559 0.9897609389 0.0141216443
1.5220241770 0.9946195645 0.0125293313
1.5258512869 0.9945235918 0.0093933373
1.5296784081 0.9902889516 0.0187394671
1.5335055292 0.9994058366 0.0202244005
1.5373326503 1.0130645915 0.0101160781
1.5411597602 1.0126799150 0.0153626715
1.5449868813 1.0020140741 0.0084054306
1.5488140024 1.0163274867 0.0119341161
1.5526411124 1.0108460801 0.0067687127
1.5564682335 0.9763726727 0.0203831697
1.5602953546 1.0358168347 0.0117232598
1.5641224757 1.0053063343 0.0164499787
1.5679495856 1.0169325473 0.0193111248
1.5717767067 0.9781514156 0.0131181770
1.5756038278 1.0132370011 0.0125965723
1.5794309489 1.0069056082 0.0165517917
1.5832580589 0.9896296309 0.0093801618
1.5870851800 1.0064223729 0.0118258998
1.5909123011 0.9910582905 0.0126477007
1.5947394110 0.9959687296 0.0103663637
1.5985665321 1.0096851356 0.0183559236
1.6023936532 1.0461195558 0.0112907798
1.6062207744 1.0217111442 0.0186732485
1.6100478843 1.0206448370 0.0091177680
1.6138750054 1.0082079745 0.0151334818
1.6177021265 1.0253660516 0.0113805184
1.6215292476 0.9930365160 0.0122559761
1.6253563575 0.9998400098 0.0154485799
1.6291834787 1.0207282969 0.0220135037
1.6330105998 1.0142720896 0.0164796975
1.6368377209 1.0108792828 0.0161242614
1.6406648308 1.0092104409 0.0140110797
1.6444919519 0.9959745282 0.0112742536
1.6483190730 1.0099752524 0.0154512811
1.6521461830 1.0117729407 0.0151972090
1.6559733041 0.9735955434 0.0155294450
1.6598004252 1.0240956537 0.0178660825
1.6636275463 0.9740774148 0.0156326271
1.6674546562 1.0342564425 0.0116171862
1.6712817773 1.0237992901 0.0126011605
1.6751088984 0.9864915622 0.0131522272
1.6789360195 1.0031156502 0.0102318522
1.6827631295 1.0094659882 0.0140156731
1.6865902506 1.0140660057 0.0156930561
1.6904173717 1.0047596709 0.0181309186
1.6942444928 0.9861616249 0.0204379399
1.6980716027 1.0075915406 0.0134925187
1.7018987238 1.0229115828 0.0148054184
1.7053431273 0.9859720406 0.0139485364
