-2.2090853043 0.9904627360 0.0172379173
-2.2052588426 1.0292164437 0.0115057465
-2.2014323696 1.0135859146 0.0154869255
-2.1976058967 1.0301326707 0.0161489294
-2.1937794238 0.9914424308 0.0190167472
-2.1899529509 0.9993415190 0.0209597437
-2.1861264892 0.9857685067 0.0181683550
-2.1823000163 0.9807989736 0.0192295583
-2.1784735434 1.0054009052 0.0167061863
-2.1746470705 0.9820682020 0.0108114784
-2.1708205976 0.9826729942 0.0143205973
-2.1669941358 0.9962792026 0.0189960840
-2.1631676629 1.0260603749 0.0214057874
-2.1593411900 1.0034758290 0.0155505061
-2.1555147171 1.0185813392 0.0156484677
-2.1516882442 0.9968172569 0.0099220891
-2.1478617713 1.0446515661 0.0215714614
-2.1440353096 0.9963967201 0.0164180391
-2.1402088366 0.9849036852 0.0150472534
-2.1363823637 0.9752387467 0.0127966582
-2.1325558908 0.9957921041 0.0177528315
-2.1287294179 0.9883220652 0.0072058040
-2.1249029562 1.0546313014 0.0148921939
-2.1210764833 1.0108305206 0.0109657098
-2.1172500104 1.0172294314 0.0156989742
-2.1134235375 1.0147585525 0.0094796674
-2.1095970646 1.0165621808 0.0147966482
-2.1057706028 1.0076611340 0.0146060142
-2.1019441299 1.0017170815 0.0143246717
-2.0981176570 1.0600182372 0.0102730982
-2.0942911841 1.0187147960 0.0120782746
-2.0904647112 1.0472162254 0.0070355536
-2.0866382495 1.0169687345 0.0135850787
-2.0828117765 1.0187367506 0.0142390830
-2.0789853036 1.0231625643 0.0161983851
-2.0751588307 1.0059887172 0.0132933898
-2.0713323578 1.0259674271 0.0153593276
-2.0675058961 1.0287639433 0.0092889768
-2.0636794232 1.0108889530 0.0095808240
-2.0598529503 1.0425821714 0.0177699771
-2.0560264774 1.0036051026 0.0226563727
-2.0522000045 0.9988702233 0.0111429549
-2.0483735427 1.0229713805 0.0253191878
-2.0445470698 0.9827117576 0.0156758578
-2.0407205969 0.9949865298 0.0129121299
-2.0368941240 1.0185065143 0.0165250935
-2.0330676511 1.0098500096 0.0109822809
-2.0292411894 0.9972781131 0.0208156745
-2.0254147165 0.9923513547 0.0177750526
-2.0215882435 0.9948786440 0.0073821295
-2.0177617706 0.9900799949 0.0096067841
-2.0139352977 0.9979110471 0.0165534675
-2.0101088360 1.0104485091 0.0102277684
-2.0062823631 1.0168814290 0.0174623723
-2.0024558902 1.0049087009 0.0149231649
-1.9986294173 0.9879679908 0.0167370810
-1.9948029444 0.9928441910 0.0085883486
-1.9909764826 1.0167311076 0.0086123675
-1.9871500097 1.0051436180 0.0112286643
-1.9833235368 0.9889684149 0.0101377175
-1.9794970639 0.9647878736 0.0174328352
-1.9756705910 1.0012500963 0.0120574620
-1.9718441293 0.9910619161 0.0167629102
-1.9680176564 0.9950408536 0.0110604445
-1.9641911834 1.0096952219 0.0141754619
-1.9603647105 0.9958636770 0.0124350994
-1.9565382376 0.9940664183 0.0089087174
-1.9527117759 1.0433295796 0.0150897596
-1.9488853030 1.0094093862 0.0161798862
-1.9450588301 1.0166704136 0.0101143234
-1.9412323572 0.9919802817 0.0151168641
-1.9374058843 1.0199047450 0.0115536612
-1.9335794225 0.9838479012 0.0098131764
-1.9297529496 1.0031446865 0.0080345699
-1.9259264767 0.9855760826 0.0102134290
-1.9221000038 1.0195187126 0.0109628983
-1.9182735309 0.9895595510 0.0127964311
-1.9144470692 1.0065551054 0.0116447170
-1.9106205963 0.9713848852 0.0180871928
-1.9067941234 0.9887037837 0.0171687366
-1.9029676504 1.0018127224 0.0102103653
-1.8991411775 0.9833697278 0.0109813577
-1.8953147158 1.0088157249 0.0072586952
-1.8914882429 0.9856047562 0.0157691873
-1.8876617700 1.0240975559 0.0122565121
-1.8838352971 0.9754755624 0.0088662104
-1.8800088242 0.9652160392 0.0085184973
-1.8761823624 1.0311887003 0.0170786415
-1.8723558895 0.9959421146 0.0132686414
-1.8685294166 0.9970086756 0.0185050870
-1.8647029437 1.0015907673 0.0146545529
-1.8608764708 1.0475011497 0.0231020857
-1.8570500091 0.9890411954 0.0222335926
-1.8532235362 0.9737716253 0.0203847138
-1.8493970633 1.0225733700 0.0132409590
-1.8455705903 0.9785296035 0.0138273452
-1.8417441174 0.9835964915 0.0177520491
-1.8379176557 0.9856146822 0.0088864377
-1.8340911828 0.9751808848 0.0178553993
-1.8302647099 0.9681548267 0.0132016552
-1.8264382370 0.9969343965 0.0173104048
-1.8226117641 1.0115182087 0.0137744921
-1.8187853023 1.0001029443 0.0157251204
-1.8149588294 1.0220169723 0.0181446519
-1.8111323565 1.0221295780 0.0122477239
-1.8073058836 1.0020518267 0.0187993435
-1.8034794107 1.0160230430 0.0136430268
-1.7996529490 0.9943655864 0.0153604739
-1.7958264761 1.0091170681 0.0118915473
-1.7920000032 0.9696780280 0.0167382477
-1.7881735303 0.9744141043 0.0098758194
-1.7843470573 0.9559131382 0.0136933637
-1.7805205956 0.9496037089 0.0150454691
-1.7766941227 0.9784307262 0.0168416508
-1.7728676498 1.0290343572 0.0122734329
-1.7690411769 0.9890431123 0.0164389115
-1.7652147040 0.9871167107 0.0164947657
-1.7613882422 0.9883068883 0.0132488529
-1.7575617693 1.0129492500 0.0110534783
-1.7537352964 1.0165717723 0.0195422224
-1.7499088235 1.0005177907 0.0102513893
-1.7460823506 0.9756101048 0.0101640037
-1.7422558889 1.0249413658 0.0177609110
-1.7384294160 0.9909039863 0.0058940031
-1.7346029431 0.9780076186 0.0106707673
-1.7307764702 0.9999929396 0.0163797615
-1.7269499972 0.9937285225 0.0078442040
-1.7231235355 0.9871867430 0.0108378211
-1.7192970626 1.0027411576 0.0150112568
-1.7154705897 0.9776890663 0.0099905077
-1.7116441168 0.9789709066 0.0159014275
-1.7078176439 1.0259392934 0.0115000526
-1.7039911821 1.0157063457 0.0143785085
-1.7001647092 0.9850544488 0.0101516895
-1.6963382363 0.9899330753 0.0172367467
-1.6925117634 1.0135672698 0.0098544195
-1.6886852905 1.0197838406 0.0184804162
-1.6848588288 1.0221475139 0.0110314250
-1.6810323559 0.9729387617 0.0150974353
-1.6772058830 0.9948181750 0.0201009210
-1.6733794101 0.9920150121 0.0125658045
-1.6695529372 1.0058343323 0.0120488123
-1.6657264754 0.9899848182 0.0128017954
-1.6619000025 0.9404265745 0.0182716751
-1.6580735296 1.0234639095 0.0185017821
-1.6542470567 1.0180395125 0.0112876261
-1.6504205838 1.0112742722 0.0143921462
-1.6465941221 0.9946190748 0.0098275379
-1.6427676491 1.0120589396 0.0153998397
-1.6389411762 1.0041943860 0.0138734026
-1.6351147033 0.9746726481 0.0130748725
-1.6312882416 0.9904411435 0.0105312773
-1.6274617687 1.0106146385 0.0092807763
-1.6236352958 1.0273116648 0.0174953027
-1.6198088229 0.9927588406 0.0105704502
-1.6159823500 1.0237508445 0.0096916597
-1.6121558882 0.9785752894 0.0219172953
-1.6083294153 0.9795678451 0.0146850407
-1.6045029424 1.0154726126 0.0115298892
-1.6006764695 0.9990373405 0.0144854694
-1.5968499966 1.0200328027 0.0155766927
-1.5930235349 1.0225309589 0.0167754132
-1.5891970620 0.9978341495 0.0071486713
-1.5853705890 1.0032411250 0.0083321879
-1.5815441161 0.9852115882 0.0134262638
-1.5777176432 1.0422209768 0.0156377309
-1.5738911815 0.9775565678 0.0122663544
-1.5700647086 1.0085998244 0.0105377817
-1.5662382357 1.0444920162 0.0158701680
-1.5624117628 1.0079329847 0.0163608732
-1.5585852899 1.0109143632 0.0175447493
-1.5547588281 1.0262813562 0.0137760618
-1.5509323552 0.9871838044 0.0107147804
-1.5471058823 1.0059498421 0.0160347309
-1.5432794094 1.0100494324 0.0116029565
-1.5394529365 0.9988153472 0.0125904905
-1.5356264748 0.9991734717 0.0092649545
-1.5318000019 0.9770250748 0.0163179153
-1.5279735290 1.0324760985 0.0138046549
-1.5241470560 0.9805860401 0.0189910120
-1.5203205831 1.0144107082 0.0149581435
-1.5164941214 1.0321429862 0.0265867927
-1.5126676485 0.9916229627 0.0172897647
-1.5088411756 0.9936911361 0.0131386715
-1.5050147027 0.9624890222 0.0154038621
-1.5011882409 1.0014914760 0.0194864481
-1.4973617680 1.0055188272 0.0088767138
-1.4935352951 1.0194651929 0.0115237377
-1.4897088222 1.0020880722 0.0118325559
-1.4858823493 1.0366049440 0.0149945975
-1.4820558876 1.0119998360 0.0192189708
-1.4782294147 0.9914205621 0.0148796774
-1.4744029418 0.9985804492 0.0154307451
-1.4705764689 1.0041966579 0.0181162820
-1.4667499959 0.9663657250 0.0136128271
-1.4629235342 0.9808041473 0.0174051241
-1.4590970613 1.0109722026 0.0135161585
-1.4552705884 0.9797541890 0.0121582713
-1.4514441155 0.9999289521 0.0147720992
-1.4476176426 0.9965575753 0.0097867963
-1.4437911808 0.9978639203 0.0157073663
-1.4399647079 0.9867295480 0.0168256328
-1.4361382350 0.9742714850 0.0202600439
-1.4323117621 1.0182897782 0.0113323672
-1.4284852892 1.0170997480 0.0157552771
-1.4246588275 1.0330885635 0.0116811715
-1.4208323546 1.0138840839 0.0116451569
-1.4170058817 0.9872097031 0.0142825988
-1.4131794088 1.0136754711 0.0081555302
-1.4093529359 0.9993940126 0.0175158763
-1.4055264741 1.0434507814 0.0128608226
-1.4017000012 1.0072571340 0.0108881133
-1.3978735283 0.9929738468 0.0188464596
-1.3940470554 0.9742023991 0.0166433765
-1.3902205937 1.0125849596 0.0176973119
-1.3863941208 1.0243776511 0.0204752064
-1.3825676478 1.0128669036 0.0094523762
-1.3787411749 0.9948257086 0.0172252063
-1.3749147020 0.9874965612 0.0167279898
-1.3710882403 1.0213796940 0.0215748209
-1.3672617674 0.9805505586 0.0096222845
-1.3634352945 1.0080892804 0.0147157012
-1.3596088216 1.0089058707 0.0169917740
-1.3557823487 1.0253819026 0.0100079971
-1.3519558869 0.9680485541 0.0128280467
-1.3481294140 0.9812704119 0.0165785959
-1.3443029411 1.0361146680 0.0150507534
-1.3404764682 0.9868223249 0.0140439111
-1.3366499953 1.0515869544 0.0147229591
-1.3328235336 1.0040894720 0.0194752160
-1.3289970607 1.0083910257 0.0195991732
-1.3251705877 1.0148277810 0.0151459702
-1.3213441148 1.0238757379 0.0090966561
-1.3175176419 1.0110783533 0.0143902860
-1.3136911802 0.9877343729 0.0074206780
-1.3098647073 1.0144800870 0.0105815877
-1.3060382344 1.0118992543 0.0189699714
-1.3022117615 1.0289532686 0.0117693013
-1.2983852997 1.0031233559 0.0213929387
-1.2945588268 1.0154082486 0.0107989072
-1.2907323539 1.0101023046 0.0094389782
-1.2869058810 1.0118017547 0.0159563016
-1.2830794081 0.9942551100 0.0205729110
-1.2792529464 1.0270268704 0.0204830766
-1.2754264735 1.0046796221 0.0146295961
-1.2716000006 1.0076862422 0.0097915201
-1.2677735277 0.9772211102 0.0118056025
-1.2639470547 1.0233603187 0.0195510971
-1.2601205930 0.9742894111 0.0161717169
-1.2562941201 1.0352051789 0.0129165339
-1.2524676472 1.0152522486 0.0115125433
-1.2486411743 1.0315488453 0.0129507217
-1.2448147014 1.0153675470 0.0108816323
-1.2409882396 1.0137130275 0.0132029346
-1.2371617667 0.9973601171 0.0120426777
-1.2333352938 0.9789124835 0.0157519686
-1.2295088209 0.9995447593 0.0113780572
-1.2256823592 1.0064998897 0.0154452851
-1.2218558863 1.0146931590 0.0148787880
-1.2180294134 1.0038123344 0.0111552026
-1.2142029405 0.9870114240 0.0152606971
-1.2103764676 0.9853435741 0.0111028813
-1.2065500058 0.9928847179 0.0179097096
-1.2027235329 1.0229707317 0.0087473188
-1.1988970600 0.9901786659 0.0139839822
-1.1950705871 0.9819520072 0.0126156192
-1.1912441142 1.0299206000 0.0177481018
-1.1874176525 0.9833500590 0.0112859574
-1.1835911795 1.0311826186 0.0151635076
-1.1797647066 1.0255292469 0.0162754230
-1.1759382337 0.9634509819 0.0165653887
-1.1721117608 1.0034709031 0.0247035795
-1.1682852991 0.9824484197 0.0119130913
-1.1644588262 1.0501857198 0.0134967663
-1.1606323533 1.0023670315 0.0116985157
-1.1568058804 1.0109762193 0.0159220052
-1.1529794186 1.0024480981 0.0171794069
-1.1491529457 1.0211300924 0.0112882689
-1.1453264728 1.0009756969 0.0137058131
-1.1414999999 1.0036480239 0.0170246353
-1.1376735270 0.9967059396 0.0185793196
-1.1338470653 0.9807532716 0.0149495077
-1.1300205924 0.9970494898 0.0086144643
-1.1261941195 0.9904756902 0.0172783960
-1.1223676465 0.9819583517 0.0154363684
-1.1185411736 1.0304756703 0.0057439326
-1.1147147119 1.0160377750 0.0118717451
-1.1108882390 1.0036504755 0.0089525055
-1.1070617661 0.9619517983 0.0084306519
-1.1032352932 0.9662051074 0.0156142047
-1.0994088314 0.9831722881 0.0106696832
-1.0955823585 0.9785335363 0.0129655704
-1.0917558856 0.9618883214 0.0107315008
-1.0879294127 0.9721942232 0.0146370034
-1.0841029398 0.9744311514 0.0155641827
-1.0802764781 1.0197493725 0.0136770766
-1.0764500052 0.9793889806 0.0155642422
-1.0726235323 0.9489986635 0.0175293159
-1.0687970594 1.0196016493 0.0178530319
-1.0649705864 1.0044826927 0.0081913352
-1.0611441247 1.0155509897 0.0147458367
-1.0573176518 0.9965953300 0.0166912117
-1.0534911789 1.0155940714 0.0157513195
-1.0496647060 1.0275963104 0.0141765606
-1.0458382443 0.9595148634 0.0208688544
-1.0420117714 0.9862422554 0.0181882490
-1.0381852984 1.0281704948 0.0188386110
-1.0343588255 0.9770441794 0.0207789787
-1.0305323526 0.9921142284 0.0220307687
-1.0267058909 1.0014225159 0.0115013533
-1.0228794180 1.0111540541 0.0270808406
-1.0190529451 0.9532806164 0.0148074174
-1.0152264722 0.9751753347 0.0138327331
-1.0113999993 0.9893767560 0.0119107902
-1.0075735375 1.0104991582 0.0131214454
-1.0037470646 0.9578897737 0.0115100981
-0.9999205917 1.0004967744 0.0138327670
-0.9960941188 1.0034671968 0.0153030513
-0.9922676571 1.0118643282 0.0150747413
-0.9884411842 0.9866801681 0.0149763657
-0.9846147113 0.9962231138 0.0119978807
-0.9807882383 0.9847589006 0.0155872499
-0.9769617654 0.9775748197 0.0183305208
-0.9731353037 1.0016082081 0.0172298798
-0.9693088308 1.0076678717 0.0091149950
-0.9654823579 1.0355098378 0.0209635116
-0.9616558850 1.0113869322 0.0095977919
-0.9578294121 0.9823076966 0.0158947596
-0.9540029503 0.9830093389 0.0149308682
-0.9501764774 0.9828140528 0.0144261160
-0.9463500045 0.9804352947 0.0100926066
-0.9425235316 0.9953971977 0.0162866333
-0.9386970699 1.0017984786 0.0172357550
-0.9348705970 1.0005358519 0.0174885154
-0.9310441241 1.0177616876 0.0179029652
-0.9272176512 1.0413392570 0.0112202453
-0.9233911783 0.9558336559 0.0203700866
-0.9195647165 0.9745360191 0.0208101711
-0.9157382436 0.9903225446 0.0173959422
-0.9119117707 1.0064670632 0.0156264347
-0.9080852978 1.0236642029 0.0142717973
-0.9042588249 1.0010584101 0.0114000113
-0.9004323632 0.9804312612 0.0135283329
-0.8966058902 1.0196638625 0.0207991356
-0.8927794173 0.9923789275 0.0160769658
-0.8889529444 1.0108336186 0.0106792011
-0.8851264827 0.9987219474 0.0070130414
-0.8813000098 1.0138404998 0.0079268824
-0.8774735369 1.0364099060 0.0091399840
-0.8736470640 1.0220044528 0.0152941113
-0.8698205911 1.0129062574 0.0142744037
-0.8659941293 1.0356300617 0.0207650684
-0.8621676564 0.9848653744 0.0129519567
-0.8583411835 0.9987076982 0.0170303983
-0.8545147106 1.0103116926 0.0130623236
-0.8506882489 1.0055224746 0.0164217986
-0.8468617760 0.9883910674 0.0121093503
-0.8430353031 0.9948320168 0.0172299398
-0.8392088301 0.9852723339 0.0110485277
-0.8353823572 0.9852873873 0.0119742239
-0.8315558955 1.0078690523 0.0118276632
-0.8277294226 0.9977933624 0.0079153972
-0.8239029497 0.9741116501 0.0160252438
-0.8200764768 0.9814735033 0.0155200474
-0.8162500039 0.9860120579 0.0142839354
-0.8124235421 1.0290652538 0.0171589389
-0.8085970692 1.0183805061 0.0160052090
-0.8047705963 1.0084412220 0.0187453202
-0.8009441234 1.0099738510 0.0119531530
-0.7971176617 1.0026616803 0.0117532705
-0.7932911888 1.0236798508 0.0152344345
-0.7894647159 1.0156956891 0.0131478880
-0.7856382430 0.9608622104 0.0199344696
-0.7818117701 0.9824578070 0.0162637339
-0.7779853083 0.9932946543 0.0195273565
-0.7741588354 0.9985565426 0.0143864022
-0.7703323625 1.0036201779 0.0164780573
-0.7665058896 0.9914803967 0.0107179217
-0.7626794279 0.9904435314 0.0109236562
-0.7588529550 1.0010613452 0.0148648159
-0.7550264820 0.9886712976 0.0157509155
-0.7512000091 0.9801872925 0.0168172218
-0.7473735362 0.9929790186 0.0133467280
-0.7435470745 0.9823420426 0.0147091806
-0.7397206016 1.0024671263 0.0143488702
-0.7358941287 0.9998263068 0.0094783515
-0.7320676558 1.0036278428 0.0125778138
-0.7282411829 1.0126402429 0.0151778291
-0.7244147211 0.9854441742 0.0150525080
-0.7205882482 0.9994831269 0.0176382281
-0.7167617753 0.9882103135 0.0117431437
-0.7129353024 1.0039966617 0.0145032299
-0.7091088407 0.9827773679 0.0143117132
-0.7052823678 1.0141421729 0.0118211175
-0.7014558949 0.9861116182 0.0183446197
-0.6976294219 0.9606919578 0.0151328238
-0.6938029490 0.9869444082 0.0131186598
-0.6899764873 0.9905568396 0.0071246181
-0.6861500144 1.0160376137 0.0165138860
-0.6823235415 0.9819921972 0.0126854342
-0.6784970686 0.9965730539 0.0171188544
-0.6746706069 1.0040420462 0.0104054186
-0.6708441339 1.0111519712 0.0152439874
-0.6670176610 1.0337326960 0.0089764865
-0.6631911881 0.9838855122 0.0126794676
-0.6593647152 1.0047826785 0.0116945588
-0.6555382535 0.9927727723 0.0171745377
-0.6517117806 1.0014256325 0.0078957287
-0.6478853077 0.9889973731 0.0091847920
-0.6440588348 1.0076884565 0.0111163347
-0.6402323619 1.0101548982 0.0168047476
-0.6364059001 1.0377528627 0.0165876574
-0.6325794272 1.0150249474 0.0172513369
-0.6287529543 1.0058561532 0.0128954934
-0.6249264814 0.9817818371 0.0115224595
-0.6211000197 1.0110251678 0.0161699996
-0.6172735468 1.0196225629 0.0129313158
-0.6134470738 0.9705099043 0.0145633125
-0.6096206009 1.0146343704 0.0143877758
-0.6057941392 1.0021001161 0.0150983156
-0.6019676663 0.9876300476 0.0181367290
-0.5981411934 0.9798734406 0.0174563349
-0.5943147205 1.0047678607 0.0071739913
-0.5904882476 0.9988758848 0.0125474359
-0.5866617858 0.9852538374 0.0111338958
-0.5828353129 1.0233259524 0.0152191808
-0.5790088400 0.9873309766 0.0185105769
-0.5751823671 0.9743615488 0.0117222640
-0.5713558942 1.0161654330 0.0086003816
-0.5675294325 1.0093915215 0.0123344477
-0.5637029596 1.0075483883 0.0092074053
-0.5598764867 1.0029592045 0.0138854028
-0.5560500138 0.9900752970 0.0153680906
-0.5522235520 0.9841126581 0.0119704360
-0.5483970791 1.0064781770 0.0132714699
-0.5445706062 0.9700471911 0.0132116584
-0.5407441333 1.0110131874 0.0166917892
-0.5369176604 0.9934365811 0.0098050943
-0.5330911987 1.0058025773 0.0102017850
-0.5292647257 1.0172635344 0.0120611824
-0.5254382528 1.0127497964 0.0087258116
-0.5216117799 0.9750896201 0.0099339147
-0.5177853182 1.0144991930 0.0153573262
-0.5139588453 0.9442797335 0.0153990004
-0.5101323724 0.9866468914 0.0150514782
-0.5063058995 0.9921658710 0.0108670908
-0.5024794266 1.0037212424 0.0135006699
-0.4986529648 0.9912801862 0.0141068774
-0.4948264919 1.0154626004 0.0125260585
-0.4910000190 1.0152894744 0.0142445448
-0.4871735461 0.9888952910 0.0089239255
-0.4833470844 1.0079435777 0.0117480917
-0.4795206115 0.9828708604 0.0135799578
-0.4756941386 0.9982614367 0.0202416624
-0.4718676656 1.0264815608 0.0184391186
-0.4680411927 0.9952326823 0.0091676237
-0.4642147310 0.9534601475 0.0200255875
-0.4603882581 1.0044271156 0.0100421755
-0.4565617852 0.9923026829 0.0138901400
-0.4527353123 0.9858413111 0.0100767889
-0.4489088506 1.0150183024 0.0094438774
-0.4450823776 1.0022013546 0.0159147577
-0.4412559047 1.0082239187 0.0146428589
-0.4374294318 0.9920420524 0.0094290376
-0.4336029589 0.9787122045 0.0184693178
-0.4297764972 1.0119151619 0.0175364131
-0.4259500243 0.9926101006 0.0116658964
-0.4221235514 1.0018617851 0.0121276340
-0.4182970785 0.9949630438 0.0105876965
-0.4144706167 1.0037493057 0.0164690498
-0.4106441438 1.0007045524 0.0162055366
-0.4068176709 1.0000200260 0.0152747482
-0.4029911980 1.0433974990 0.0228054501
-0.3991647363 0.9614920395 0.0143307496
-0.3953382634 1.0030964306 0.0109964244
-0.3915117905 0.9607517724 0.0072068718
-0.3876853175 0.9921557004 0.0090818925
-0.3838588446 1.0131943347 0.0148398227
-0.3800323829 0.9964081968 0.0128239717
-0.3762059100 0.9890801291 0.0135647144
-0.3723794371 0.9850511727 0.0171191670
-0.3685529642 0.9900353135 0.0154762824
-0.3647265024 0.9968151320 0.0085992767
-0.3609000295 0.9792269031 0.0157397097
-0.3570735566 0.9710511999 0.0167406328
-0.3532470837 1.0483746702 0.0147004108
-0.3494206108 0.9862956326 0.0183715192
-0.3455941491 1.0015226585 0.0114414969
-0.3417676762 1.0114648004 0.0154293882
-0.3379412033 0.9797398687 0.0148464447
-0.3341147304 0.9944353978 0.0096545849
-0.3302882686 0.9755240257 0.0123387702
-0.3264617957 1.0066695934 0.0157160804
-0.3226353228 0.9831721244 0.0090232625
-0.3188088499 0.9794433247 0.0140383943
-0.3149823770 0.9959011392 0.0173551203
-0.3111559153 0.9716017764 0.0174604156
-0.3073294424 0.9921333219 0.0111075284
-0.3035029694 0.9848634380 0.0150941111
-0.2996764965 0.9958172268 0.0159542899
-0.2958500348 1.0286666822 0.0176609312
-0.2920235619 0.9922586520 0.0141111061
-0.2881970890 1.0224302694 0.0121639226
-0.2843706161 0.9808170137 0.0116692614
-0.2805441432 1.0301254807 0.0132879754
-0.2767176814 1.0046915651 0.0148327574
-0.2728912085 1.0029732059 0.0179989409
-0.2690647356 0.9741617280 0.0132722228
-0.2652382627 1.0105479547 0.0095180206
-0.2614118010 1.0289916793 0.0095895359
-0.2575853281 0.9828902994 0.0128978115
-0.2537588552 0.9802941639 0.0084121085
-0.2499323823 0.9597831932 0.0155028697
-0.2461059205 0.9969750777 0.0170795761
-0.2422794476 1.0014651563 0.0117819140
-0.2384529747 0.9742529891 0.0161073192
-0.2346265018 0.9942678255 0.0137086835
-0.2308000289 0.9698787345 0.0117966336
-0.2269735672 1.0080346945 0.0214452269
-0.2231470942 1.0088467895 0.0156109411
-0.2193206213 0.9903855601 0.0124293361
-0.2154941484 0.9633040691 0.0148597514
-0.2116676867 0.9921462005 0.0108860663
-0.2078412138 0.9725299991 0.0159589526
-0.2040147409 0.9467396082 0.0106577020
-0.2001882680 0.9938195918 0.0161104142
-0.1963617951 0.9919933938 0.0107021477
-0.1925353333 0.9934147820 0.0113385109
-0.1887088604 0.9739206010 0.0139660248
-0.1848823875 0.9920030913 0.0132216307
-0.1810559146 1.0056789978 0.0104574853
-0.1772294529 1.0332988297 0.0121298819
-0.1734029800 0.9811739209 0.0186255152
-0.1695765071 0.9755669311 0.0163711182
-0.1657500342 0.9778506678 0.0183095848
-0.1619235724 1.0290405135 0.0176383781
-0.1580970995 0.9761870498 0.0152042849
-0.1542706266 1.0276085088 0.0130500217
-0.1504441537 0.9890533815 0.0133211650
-0.1466176808 1.0322406789 0.0102054140
-0.1427912191 0.9875356200 0.0211725942
-0.1389647461 1.0335884286 0.0164807263
-0.1351382732 1.0050443379 0.0141985339
-0.1313118003 1.0023768576 0.0128815430
-0.1274853386 0.9882515856 0.0152678519
-0.1236588657 1.0133991675 0.0182522166
-0.1198323928 0.9789944872 0.0086875535
-0.1160059199 0.9980971307 0.0075427914
-0.1121794470 1.0134617531 0.0221879965
-0.1083529852 1.0038044997 0.0114091209
-0.1045265123 0.9482822161 0.0113610962
-0.1007000394 0.9835250708 0.0135944596
-0.0968735665 0.9588266050 0.0142486183
-0.0930471048 0.9926659007 0.0118144812
-0.0892206319 0.9552571403 0.0163903568
-0.0853941590 0.9738591951 0.0111905636
-0.0815676861 1.0149793241 0.0128519330
-0.0777412243 1.0108947226 0.0157923064
-0.0739147514 0.9982347641 0.0138311347
-0.0700882785 0.9658842010 0.0172734462
-0.0662618056 0.9935796860 0.0154600551
-0.0624353327 1.0179272106 0.0223589957
-0.0586088710 0.9864078471 0.0127641587
-0.0547823980 0.9726525414 0.0116798457
-0.0509559251 0.9983662427 0.0175952163
-0.0471294522 1.0007797024 0.0164592803
-0.0433029905 0.9970008448 0.0134248293
-0.0394765176 0.9830543169 0.0178198350
-0.0356500447 0.9722284233 0.0145510957
-0.0318235718 0.9956623618 0.0215919989
-0.0279970989 0.9570910277 0.0129648751
-0.0241706371 1.0273315995 0.0167650529
-0.0203441642 0.9756108548 0.0102029431
-0.0165176913 1.0031243639 0.0089267697
-0.0126912184 0.9889626485 0.0191148775
-0.0088647567 0.9831606899 0.0085173066
-0.0050382838 0.9984637039 0.0140262257
-0.0012118109 0.9993178388 0.0119810777
0.0026146621 0.9800682331 0.0162364465
0.0064411238 0.9993783241 0.0148140049
0.0102675967 0.9840194905 0.0100923792
0.0140940696 1.0075998824 0.0188529334
0.0179205425 0.9999365774 0.0169095330
0.0217470042 0.9841022186 0.0151262722
0.0255734771 0.9803865846 0.0151156551
0.0293999501 0.9932057704 0.0101748030
0.0332264230 1.0124986921 0.0180629408
0.0370528959 0.9811684171 0.0178949969
0.0408793576 0.9906657488 0.0130498400
0.0447058305 0.9878613862 0.0147673793
0.0485323034 0.9930589784 0.0145175983
0.0523587763 0.9773369271 0.0171491590
0.0561852381 1.0043072376 0.0110672425
0.0600117110 0.9910804356 0.0161539916
0.0638381839 1.0051317318 0.0189249203
0.0676646568 0.9955307609 0.0122425023
0.0714911185 1.0297063050 0.0107389419
0.0753175914 0.9901034852 0.0145810824
0.0791440643 1.0321117004 0.0163004698
0.0829705372 0.9649383475 0.0083961712
0.0867970102 0.9989674899 0.0159949011
0.0906234719 1.0062067987 0.0181257752
0.0944499448 1.0122538297 0.0126537837
0.0982764177 1.0208565692 0.0136669844
0.1021028906 1.0030027869 0.0155782952
0.1059293523 1.0061101892 0.0118758625
0.1097558253 1.0118964045 0.0136053895
0.1135822982 0.9701042582 0.0100321123
0.1174087711 1.0063032998 0.0234864678
0.1212352328 0.9927833383 0.0163312685
0.1250617057 0.9998107385 0.0153690660
0.1288881786 1.0302543789 0.0150088362
0.1327146515 0.9850302180 0.0121877282
0.1365411244 0.9617609184 0.0128430182
0.1403675862 1.0147868066 0.0157907659
0.1441940591 1.0046717109 0.0162372339
0.1480205320 0.9940046705 0.0123659479
0.1518470049 1.0139503297 0.0092690272
0.1556734666 1.0005916411 0.0151057490
0.1594999395 1.0120071402 0.0180584074
0.1633264124 0.9723276119 0.0151565475
0.1671528853 0.9697345113 0.0148349919
0.1709793471 1.0415435125 0.0204821518
0.1748058200 1.0011412470 0.0174576254
0.1786322929 0.9915937026 0.0214804861
0.1824587658 0.9626538041 0.0235251388
0.1862852387 1.0021753065 0.0162274400
0.1901117004 1.0107292596 0.0129663445
0.1939381734 0.9766798919 0.0178981107
0.1977646463 1.0118125442 0.0160486109
0.2015911192 0.9997254162 0.0117863507
0.2054175809 1.0084377945 0.0166265705
0.2092440538 0.9871431975 0.0168595632
0.2130705267 0.9916498736 0.0115004239
0.2168969996 0.9824319751 0.0156620748
0.2207234614 0.9928547291 0.0160691745
0.2245499343 0.9781141548 0.0100524701
0.2283764072 0.9845122755 0.0132328059
0.2322028801 1.0136126302 0.0119748241
0.2360293418 0.9434906360 0.0154872562
0.2398558147 0.9883883203 0.0189005632
0.2436822876 1.0028122469 0.0077600248
0.2475087605 1.0027650009 0.0143523223
0.2513352334 1.0084965346 0.0134328009
0.2551616952 1.0073507530 0.0114954727
0.2589881681 1.0299554316 0.0161849818
0.2628146410 1.0055401074 0.0154933930
0.2666411139 0.9678822581 0.0223037596
0.2704675756 1.0030125338 0.0148281589
0.2742940485 0.9925571143 0.0213838475
0.2781205215 1.0082933629 0.0112841170
0.2819469944 0.9749374603 0.0094060300
0.2857734561 0.9904725662 0.0137481885
0.2895999290 1.0042949014 0.0107979423
0.2934264019 0.9875266185 0.0081774171
0.2972528748 0.9612460199 0.0106439251
0.3010793477 0.9681388546 0.0174300441
0.3049058095 1.0081638812 0.0183545210
0.3087322824 0.9720664767 0.0127298572
0.3125587553 0.9912351183 0.0207737561
0.3163852282 0.9962873253 0.0064047113
0.3202116899 1.0020123445 0.0126790458
0.3240381628 1.0192877484 0.0135917643
0.3278646357 0.9572871460 0.0124867068
0.3316911086 0.9493212897 0.0137841693
0.3355175704 0.9716502924 0.0161081815
0.3393440433 1.0004344174 0.0131678016
0.3431705162 0.9876002269 0.0115359389
0.3469969891 1.0007488559 0.0111410078
0.3508234508 1.0067374374 0.0140192864
0.3546499237 1.0298734794 0.0161125840
0.3584763967 0.9692109863 0.0159934051
0.3623028696 0.9994043817 0.0122738654
0.3661293313 1.0197249441 0.0115417448
0.3699558042 0.9876409263 0.0100109503
0.3737822771 1.0080347177 0.0140479048
0.3776087500 0.9821740602 0.0107026858
0.3814352229 0.9834835189 0.0145192519
0.3852616847 1.0233996746 0.0155875165
0.3890881576 0.9990006021 0.0109512486
0.3929146305 0.9878921993 0.0170246513
0.3967411034 0.9839513074 0.0111810649
0.4005675651 0.9872142486 0.0175952538
0.4043940380 0.9973461834 0.0153939880
0.4082205109 0.9670588955 0.0186730760
0.4120469838 0.9727593215 0.0121411705
0.4158734456 1.0217337689 0.0213155593
0.4196999185 0.9916122897 0.0099993527
0.4235263914 1.0006708582 0.0145490415
0.4273528643 1.0169537664 0.0187779596
0.4311793260 1.0116913948 0.0098594099
0.4350057989 0.9995296364 0.0271913568
0.4388322718 0.9858376268 0.0110798366
0.4426587448 0.9843057207 0.0168973173
0.4464852065 0.9530528329 0.0190946703
0.4503116794 0.9965813635 0.0133762691
0.4541381523 0.9838368946 0.0144736215
0.4579646252 1.0127827830 0.0156809257
0.4617910981 1.0058381199 0.0235162839
0.4656175599 1.0087535745 0.0176466465
0.4694440328 0.9973648886 0.0136218107
0.4732705057 0.9982420355 0.0086539332
0.4770969786 0.9830974635 0.0132001744
0.4809234403 0.9660109177 0.0155245335
0.4847499132 0.9824912720 0.0052506678
0.4885763861 1.0191099728 0.0242606060
0.4924028590 0.9648177490 0.0136141061
0.4962293208 0.9697891291 0.0123998509
0.5000557937 0.9729128881 0.0172106423
0.5038822666 0.9891972144 0.0149151500
0.5077087395 1.0122575142 0.0120416107
0.5115352012 0.9951552643 0.0177767562
0.5153616741 1.0124242145 0.0104695660
0.5191881470 0.9849098358 0.0131208037
0.5230146199 1.0237191859 0.0161353573
0.5268410817 0.9728875139 0.0159371746
0.5306675546 1.0126070587 0.0161569153
0.5344940275 1.0012982640 0.0159545141
0.5383205004 1.0021259442 0.0158292087
0.5421469733 0.9958332449 0.0209282421
0.5459734350 0.9437860110 0.0219329398
0.5497999080 0.9915295697 0.0194092028
0.5536263809 1.0278369825 0.0224900262
0.5574528538 0.9776527070 0.0124173392
0.5612793155 1.0221869109 0.0161015200
0.5651057884 1.0067723724 0.0147331755
0.5689322613 1.0097175866 0.0161825706
0.5727587342 0.9663623188 0.0116466451
0.5765851960 1.0333361261 0.0120321923
0.5804116689 0.9837750491 0.0251677952
0.5842381418 1.0031098651 0.0150422896
0.5880646147 1.0302379368 0.0147428645
0.5918910764 1.0206699044 0.0103108446
0.5957175493 0.9772159703 0.0131002049
0.5995440222 1.0270095891 0.0131774749
0.6033704951 1.0100848169 0.0184539451
0.6071969569 1.0395652245 0.0146614547
0.6110234298 1.0092419224 0.0195048320
0.6148499027 0.9891899243 0.0168268275
0.6186763756 1.0271362896 0.0137754784
0.6225028485 1.0059455354 0.0107255476
0.6263293102 1.0040254713 0.0115533533
0.6301557831 1.0062275306 0.0129516469
0.6339822561 1.0155778458 0.0138393483
0.6378087290 0.9871828751 0.0125380382
0.6416351907 1.0013183636 0.0119303605
0.6454616636 1.0036749398 0.0104568116
0.6492881365 1.0236362942 0.0111095563
0.6531146094 0.9843198904 0.0147983495
0.6569410712 0.9952830022 0.0152046390
0.6607675441 1.0234447552 0.0124079327
0.6645940170 0.9928090398 0.0130087433
0.6684204899 1.0153905461 0.0150564996
0.6722469516 0.9944732864 0.0120404311
0.6760734245 1.0038476915 0.0106990311
0.6798998974 0.9908149676 0.0141156392
0.6837263703 0.9967162747 0.0215111085
0.6875528321 0.9827749983 0.0163325441
0.6913793050 1.0160877569 0.0084111282
0.6952057779 0.9903361005 0.0164663151
0.6990322508 1.0158160606 0.0104349411
0.7028587125 1.0087513445 0.0163759435
0.7066851854 1.0169525892 0.0202648732
0.7105116583 1.0244101031 0.0140066463
0.7143381312 1.0243170674 0.0104079855
0.7181645930 1.0132640701 0.0130410842
0.7219910659 0.9940217003 0.0114185343
0.7258175388 1.0026680914 0.0182092379
0.7296440117 1.0095971269 0.0154486998
0.7334704846 1.0091245523 0.0183132737
0.7372969463 1.0072514825 0.0143826551
0.7411234193 1.0079674118 0.0113947859
0.7449498922 1.0284068263 0.0072883276
0.7487763651 1.0057040027 0.0173411689
0.7526028268 1.0349446826 0.0177305628
0.7564292997 1.0231789231 0.0164259437
0.7602557726 1.0189092434 0.0091556037
0.7640822455 1.0078566037 0.0114514729
0.7679087073 1.0114387457 0.0146398920
0.7717351802 1.0054632541 0.0134702629
0.7755616531 0.9982626200 0.0109161962
0.7793881260 1.0318978326 0.0118922664
0.7832145877 1.0407895254 0.0210015829
0.7870410606 1.0002209262 0.0158177409
0.7908675335 1.0035598735 0.0092225185
0.7946940064 1.0310209963 0.0160506897
0.7985204682 1.0210032106 0.0112216548
0.8023469411 0.9970225565 0.0092757859
0.8061734140 0.9910116911 0.0095816918
0.8099998869 1.0290931205 0.0131225101
0.8138263486 1.0195229703 0.0129400757
0.8176528215 1.0358136267 0.0148822835
0.8214792944 1.0160600070 0.0206669592
0.8253057674 0.9660852318 0.0147234145
0.8291322291 1.0179409328 0.0157666219
0.8329587020 1.0250024700 0.0191527699
0.8367851749 0.9966872572 0.0144585988
0.8406116478 1.0174696129 0.0193043310
0.8444381095 0.9935788095 0.0129356033
0.8482645825 1.0402868867 0.0136884680
0.8520910554 1.0259079378 0.0141356781
0.8559175283 0.9978184977 0.0119802490
0.8597439900 1.0516623322 0.0119838658
0.8635704629 1.0142332891 0.0108259743
0.8673969358 1.0171048871 0.0099909973
0.8712234087 1.0076277987 0.0090231406
0.8750498816 1.0099551683 0.0121686564
0.8788763434 1.0075730077 0.0179564917
0.8827028163 1.0088171411 0.0169548501
0.8865292892 1.0409148066 0.0064944617
0.8903557621 0.9917066151 0.0114024171
0.8941822238 1.0320102131 0.0107965121
0.8980086967 1.0123107114 0.0117967320
0.9018351696 0.9981338471 0.0189662325
0.9056616426 1.0041084733 0.0143258240
0.9094881043 0.9923113262 0.0145802521
0.9133145772 1.0263939384 0.0163650684
0.9171410501 1.0222367092 0.0104223129
0.9209675230 1.0096855632 0.0143273920
0.9247939847 0.9956455585 0.0147358967
0.9286204576 0.9959551802 0.0194599201
0.9324469306 0.9993671641 0.0125727043
0.9362734035 1.0265805668 0.0191071976
0.9400998652 0.9770790713 0.0171335397
0.9439263381 0.9968749107 0.0121449067
0.9477528110 0.9909193441 0.0117670170
0.9515792839 1.0066341853 0.0118941841
0.9554057457 1.0063709795 0.0128408344
0.9592322186 0.9890778624 0.0135112269
0.9630586915 1.0074335244 0.0101371217
0.9668851644 1.0101646112 0.0138484575
0.9707116261 1.0285318472 0.0141736379
0.9745380990 0.9849115400 0.0155949544
0.9783645719 1.0338109227 0.0102351041
0.9821910448 1.0156872505 0.0124718043
0.9860175066 1.0035695249 0.0114017833
0.9898439795 1.0042257121 0.0132367476
0.9936704524 0.9537646798 0.0095810488
0.9974969253 1.0062664798 0.0140470993
1.0013233870 1.0142395055 0.0194067573
1.0051498599 1.0192937179 0.0131532543
1.0089763328 0.9931161390 0.0173986097
1.0128028058 1.0420379877 0.0205640689
1.0166292675 1.0119702604 0.0091053913
1.0204557404 1.0139388352 0.0173608749
1.0242822133 1.0090002613 0.0168575894
1.0281086862 0.9981990923 0.0136537201
1.0319351479 0.9680416842 0.0129750052
1.0357616208 0.9707495949 0.0180159138
1.0395880938 0.9977971014 0.0134749511
1.0434145667 0.9847151227 0.0170162326
1.0472410284 0.9846240020 0.0090872424
1.0510675013 1.0170094266 0.0220330211
1.0548939742 1.0056869448 0.0189464139
1.0587204471 1.0089983218 0.0107753931
1.0625469089 1.0175318463 0.0115566228
1.0663733818 1.0415321063 0.0070704792
1.0701998547 1.0040983015 0.0086152511
1.0740263276 1.0196337667 0.0128859165
1.0778527893 1.0093638005 0.0177436248
1.0816792622 0.9771632137 0.0097509115
1.0855057351 0.9892388722 0.0139112553
1.0893322080 0.9832259195 0.0176533317
1.0931586698 0.9886562799 0.0157874087
1.0969851427 1.0061909834 0.0157653170
1.1008116156 0.9757288763 0.0100208663
1.1046380885 0.9976288479 0.0111830488
1.1084645614 0.9970392670 0.0152178369
1.1122910231 1.0166301771 0.0111514388
1.1161174960 1.0042567498 0.0144733386
1.1199439690 0.9991916084 0.0140126184
1.1237704419 1.0069585426 0.0173795896
1.1275969036 0.9941783976 0.0171814578
1.1314233765 0.9754903918 0.0088510393
1.1352498494 1.0024824719 0.0136696570
1.1390763223 1.0015081430 0.0161838450
1.1429027840 1.0113087169 0.0150001089
1.1467292570 1.0241475954 0.0123964480
1.1505557299 0.9914844632 0.0146337957
1.1543821916 1.0291943442 0.0148186910
1.1582086645 0.9789250466 0.0173401441
1.1620351374 1.0002781895 0.0181188321
1.1658616103 1.0106404628 0.0106471713
1.1696880832 0.9913632714 0.0155166601
1.1735145450 1.0101060475 0.0129806473
1.1773410179 0.9689828445 0.0173088214
1.1811674908 0.9594914563 0.0173591221
1.1849939637 0.9924884432 0.0201568411
1.1888204254 1.0023695280 0.0144164989
1.1926468983 1.0201686874 0.0096713521
1.1964733712 0.9801916307 0.0159132293
1.2002998441 0.9869103714 0.0119415825
1.2041263059 1.0009159230 0.0116278149
1.2079527788 0.9847510262 0.0108244709
1.2117792517 0.9969687144 0.0101687168
1.2156057246 0.9860881732 0.0075392196
1.2194321863 1.0247131017 0.0110632627
1.2232586592 0.9750437094 0.0138280818
1.2270851322 1.0009208219 0.0110849176
1.2309116051 1.0128723777 0.0168575138
1.2347380668 1.0041017677 0.0133994437
1.2385645397 0.9864648197 0.0185948532
1.2423910126 1.0278096665 0.0170909538
1.2462174855 1.0139570084 0.0146234007
1.2500439472 0.9966915367 0.0159841467
1.2538704202 1.0301927479 0.0168444711
1.2576968931 0.9954846687 0.0172840417
1.2615233660 1.0074881632 0.0164007175
1.2653498277 1.0206361517 0.0139051142
1.2691763006 1.0142721724 0.0160089189
1.2730027735 1.0349079041 0.0146101875
1.2768292464 1.0099939772 0.0161545577
1.2806557082 1.0188710910 0.0138949498
1.2844821811 1.0121618019 0.0172285838
1.2883086540 1.0094223097 0.0191720562
1.2921351269 1.0049739179 0.0117212255
1.2959615886 1.0177190211 0.0155313628
1.2997880615 0.9971255034 0.0150985190
1.3036145344 1.0207530401 0.0150655076
1.3074409962 1.0235620469 0.0224243559
1.3112674691 1.0331008198 0.0140879163
1.3150939420 1.0192911992 0.0089001643
1.3189204149 1.0149766357 0.0149482349
1.3227468878 1.0194276714 0.0201556661
1.3265733495 1.0285563903 0.0168709840
1.3303998224 0.9861534474 0.0143228844
1.3342262954 1.0083556134 0.0057489509
1.3380527571 1.0181393535 0.0153121336
1.3418792300 0.9895660306 0.0171419987
1.3457057029 1.0122637828 0.0132711281
1.3495321758 1.0075733360 0.0066399087
1.3533586487 0.9935380833 0.0175063698
1.3571851104 1.0009290885 0.0166380940
1.3610115834 1.0004057747 0.0120814786
1.3648380563 1.0083847540 0.0209429347
1.3686645180 0.9919214899 0.0068039970
1.3724909909 0.9878296505 0.0256345736
1.3763174638 1.0409843520 0.0105662133
1.3801439367 1.0173170504 0.0182041320
1.3839703985 1.0199895872 0.0103334611
1.3877968714 0.9811291047 0.0154458678
1.3916233443 0.9761509348 0.0103662805
1.3954498172 0.9929590929 0.0132547136
1.3992762789 1.0211263608 0.0189068188
1.4031027518 0.9860074095 0.0115894383
1.4069292247 0.9794437259 0.0138220872
1.4107556976 1.0026978674 0.0159740942
1.4145821594 0.9984439049 0.0088041593
1.4184086323 1.0140673501 0.0202142502
1.4222351052 0.9957857146 0.0141584748
1.4260615781 1.0048469337 0.0142582788
1.4298880398 0.9765984985 0.0132479424
1.4337145127 0.9975057302 0.0104084517
1.4375409856 0.9883268512 0.0111318917
1.4413674586 1.0072368974 0.0206163138
1.4451939203 1.0049501836 0.0112305951
1.4490203932 1.0126051439 0.0089093115
1.4528468661 0.9965545454 0.0186977588
1.4566733390 0.9867140960 0.0156526434
1.4604998007 0.9935997713 0.0139713897
1.4643262736 0.9738659043 0.0150434669
1.4681527466 0.9862746535 0.0169116960
1.4719792195 1.0089758429 0.0128984058
1.4758056812 0.9922739178 0.0180030238
1.4796321541 1.0430049929 0.0092580661
1.4834586270 0.9885445090 0.0177332777
1.4872850999 0.9844019237 0.0175383486
1.4911115617 0.9883582288 0.0148284805
1.4949380346 1.0237047761 0.0144345597
1.4987645075 0.9891375211 0.0101157685
1.5025909804 1.0000070604 0.0129086553
1.5064174421 1.0029784896 0.0123259136
1.5102439150 0.9741857367 0.0173715459
1.5140703879 1.0168448504 0.0102955221
1.5178968608 1.0149723413 0.0154941991
1.5217233226 0.9625307233 0.0128498169
1.5255497955 0.9911254833 0.0109114925
1.5293762684 1.0044276597 0.0105524423
1.5332027413 0.9845620323 0.0139036914
1.5370292030 1.0045873532 0.0119116696
1.5408556759 1.0085848309 0.0099449638
1.5446821488 0.9966936852 0.0139470771
1.5485086218 0.9953388527 0.0156145014
1.5523350835 1.0116571267 0.0133416756
1.5561615564 1.0129890585 0.0161117347
1.5599880293 0.9668857561 0.0131758824
1.5638145022 0.9964253720 0.0236054405
1.5676409639 1.0102284521 0.0111097777
1.5714674369 0.9953666332 0.0155956021
1.5752939098 1.0157784857 0.0153533372
1.5791203827 0.9948208209 0.0110443452
1.5829468444 0.9678326523 0.0125366846
1.5867733173 1.0056752190 0.0139013711
1.5905997902 0.9910147289 0.0108475374
1.5944262631 1.0324590782 0.0142635871
1.5982527249 1.0106356378 0.0121372007
1.6020791978 0.9868086000 0.0167869893
1.6059056707 1.0010339124 0.0157393060
1.6097321324 0.9998681168 0.0121303707
1.6135586053 0.9910257704 0.0113200228
1.6173850782 0.9943380667 0.0108395211
1.6212115511 0.9918595232 0.0160106608
1.6250380129 0.9673989262 0.0160083445
1.6288644858 1.0108872453 0.0088477572
1.6326909587 1.0004390680 0.0158265299
1.6365174316 0.9955006647 0.0150561206
1.6403438933 0.9854840009 0.0104372538
1.6441703662 1.0379594115 0.0142630697
1.6479968391 1.0110368423 0.0161453312
1.6518233120 0.9977640369 0.0207579409
1.6556497738 0.9851873142 0.0142603413
1.6594762467 0.9888735804 0.0107195826
1.6633027196 0.9713306960 0.0122360600
1.6671291925 0.9843390857 0.0169435948
1.6709556542 0.9933616012 0.0141292254
1.6747821271 0.9994913326 0.0128455418
1.6786086001 1.0151151071 0.0128724929
1.6824350730 1.0226978452 0.0128491642
1.6862615347 1.0176040876 0.0226580463
1.6900880076 0.9955399017 0.0148992702
1.6939144805 1.0181574518 0.0098199400
1.6977409534 1.0202409226 0.0085318414
1.7015674151 0.9748919413 0.0148300148
1.7053938881 0.9941089246 0.0099434681
1.7092203610 0.9913338751 0.0156090750
1.7130468339 0.9870265952 0.0180428301
1.7168732956 0.9985586767 0.0126805241
1.7206997685 1.0040441977 0.0185493540
1.7245262414 0.9981899896 0.0168661182
1.7283527032 0.9977237189 0.0152542383
1.7321791761 0.9843652341 0.0171340926
1.7360056490 0.9937324606 0.0159540767
1.7398321219 0.9970672362 0.0121930767
1.7436585836 0.9947877471 0.0193270317
1.7474850565 0.9976448983 0.0130623858
1.7513115294 0.9965641995 0.0127154875
1.7551380023 0.9734982912 0.0137609246
1.7589644641 0.9871173705 0.0096911886
1.7627909370 0.9974187065 0.0127148426
1.7666174099 1.0143032576 0.0140263373
1.7704438828 0.9942188150 0.0119703194
1.7742703445 1.0159398475 0.0137334284
1.7780968174 1.0385990110 0.0132120057
1.7819232903 0.9983244001 0.0144342737
1.7857497633 1.0259289584 0.0134289782
1.7895762250 1.0063100990 0.0109195669
1.7934026979 0.9841110427 0.0159830964
1.7972291708 0.9752499683 0.0111812847
1.8010556437 1.0032471228 0.0169336722
1.8044994660 0.9562418688 0.0181004540
